RV-8 C-GNHK Flight Test Data from 21:14 12 Apr 20060
0
Time	Elapsed Time	Unix Time	Discretes Time	Event Marker	D10A Time	Hr	Mn	Sec	fractions of sec	Pitch	Bank	Heading	IAS	Baro Altitude	Yaw rate	Ny	Nz	EIS4000 Time	RPM	MP	OAT	Fuel Flow	Fuel Qty	CHT 1	CHT 2	CHT 3	CHT 4	EGT 1	EGT 2	EGT 3	EGT 4	Oil Temp	Oil Press	Volt	Alternator Load	Hour Meter	Hrs	Min	Sec	Hours End	Min End	Unit Temp	GNS430 Time	Grd Speed	Track	GPS Altitude	Latitude	Longitude	Desired Track	Cross Track Error	Active Waypoint	Distance to Waypoint	Bearing to Waypoint	Magnetic Variation	Distance to Destination	GPS Nav Status	GPS Waypoints0
(H:M:S)	(seconds)	(seconds)	(seconds)	(1 = Event)	(seconds)	(Hr)	(Mn)	(Sec)	(1/64 sec)	(deg)	(deg)	(deg mag)	(KIAS)	(ft)	(deg/s)	(g)	(g)	(seconds)	(RPM)	(in HG)	(deg C)	(USG/hr)	(USG)	(deg C)	(deg C)	(deg C)	(deg C)	(deg C)	(deg C)	(deg C)	(deg C)	(deg C)	(psi)	(volt)	(amp)	(hr)	(hr)	(mn)	(s)	(hr)	(mn)	(deg C)	(seconds)	(kt)	(deg mag)	(ft)	(deg N)	(deg W)	(deg mag)	(nm R)	()	(nm)	(deg mag)	(deg E)	(nm)	(1 = Valid)	()0
21:14:43.50	0.0	1144890883.5	1144890883.85	00	0	0	0	0	0	0	0	0	0	0	0	0	0	0	0	0	0	0	0	0	0	0	0	0	0	0	0	0	0	0	0	0	0	0	0	0	0	0	0	0	0	0	0	0	0	0	0	0	0	0	0	0	0	0
21:14:44.00	0.5	1144890884.0	1144890884.04	0	1144890884.04	01	15	16	56	9.5	0.8	304	0.0	154.19948	+004	0.02	1.0	1144890884.08	0	29	-28	0.0	0.0	9	9	9	9	9	9	9	9	18	0	11.9	52	0.0	0	0	0	0	0	150	0	0	0	0	0	0	0	0	0	0	0	0	0	0	0	0
21:14:44.50	1.0	1144890884.5	1144890884.51	0	1144890884.51	01	15	17	31	9.5	0.9	304	0.0	154.19948	+004	0.02	1.0	1144890884.55	0	29	-28	0.0	0.0	9	9	9	9	9	9	9	9	18	0	11.9	51	0.0	0	0	0	0	0	150	0	0	0	0	0	0	0	0	0	0	0	0	0	0	0	0
21:14:45.00	1.5	1144890885.0	1144890885.02	0	1144890885.02	01	15	17	63	9.5	0.9	304	0.0	154.19948	+004	0.02	1.0	1144890885.01	0	29	-28	0.0	0.0	9	9	9	9	9	9	9	9	18	0	11.9	51	0.0	0	0	0	0	0	15	1144890885.09	150	135	03500	39.0675	94.8976666667	149.5	2.50	0	10.0	135.0	0.0	10.0	10	0	0
21:14:45.50	2.0	1144890885.5	1144890885.51	0	1144890885.51	01	15	18	31	9.5	0.8	304	0.0	154.19948	+004	0.02	1.0	1144890885.53	0	29	-28	0.0	0.0	9	9	9	9	9	9	9	9	18	0	11.9	51	0.0	0	0	0	0	0	150	0	0	0	0	0	0	0	0	0	0	0	0	0	0	0	0
21:14:46.00	2.5	1144890886.0	1144890886.03	0	1144890886.08	01	15	18	62	9.5	0.8	304	0.0	154.19948	+004	0.02	1.0	1144890886.08	0	29	-28	0.0	0.0	9	9	9	9	9	9	9	9	18	0	11.9	51	0.0	0	0	0	0	0	15	1144890886.07	150	135	03500	39.0675	94.8976666667	149.5	2.50	0	10.0	135.0	0.0	10.0	10	0	0
21:14:46.50	3.0	1144890886.5	1144890886.5	0	1144890886.51	01	15	19	31	9.5	0.9	304	0.0	154.19948	+004	0.02	1.0	1144890886.52	0	29	-28	0.0	0.0	9	9	9	9	9	9	9	9	18	0	11.9	51	0.0	0	0	0	0	0	150	0	0	0	0	0	0	0	0	0	0	0	0	0	0	0	0
21:14:47.00	3.5	1144890887.0	1144890887.01	0	1144890887.01	01	15	19	63	9.5	0.9	304	0.0	154.19948	+004	0.02	1.0	1144890887.06	0	29	-28	0.0	0.0	9	9	9	9	9	9	9	9	18	0	11.9	52	0.0	0	0	0	0	0	15	1144890887.08	150	135	03500	39.0675	94.8976666667	149.5	2.50	0	10.0	135.0	0.0	10.0	10	0	0
21:14:47.50	4.0	1144890887.5	1144890887.52	0	1144890887.52	01	15	20	31	9.5	0.9	304	0.0	154.19948	+004	0.02	1.0	1144890887.5	0	29	-28	0.0	0.0	9	9	9	9	9	9	9	9	18	0	11.9	52	0.0	0	0	0	0	0	150	0	0	0	0	0	0	0	0	0	0	0	0	0	0	0	0
21:14:48.00	4.5	1144890888.0	1144890888.01	0	1144890888.01	01	15	20	63	9.5	0.9	304	0.0	154.19948	+004	0.02	1.0	1144890888.03	0	29	-28	0.0	0.0	9	9	9	9	9	9	9	9	18	0	11.9	51	0.0	0	0	0	0	0	15	1144890888.06	150	135	03500	39.0675	94.8976666667	149.5	2.50	0	10.0	135.0	0.0	10.0	10	0	0
21:14:48.50	5.0	1144890888.5	1144890888.51	0	1144890888.51	01	15	21	31	9.5	0.8	304	0.0	154.19948	+004	0.02	1.0	1144890888.57	0	29	-28	0.0	0.0	9	9	9	9	9	9	9	9	18	0	11.9	51	0.0	0	0	0	0	0	150	0	0	0	0	0	0	0	0	0	0	0	0	0	0	0	0
21:14:49.00	5.5	1144890889.0	1144890889.0	0	1144890889.01	01	15	21	63	9.5	0.8	304	0.0	154.19948	+004	0.02	1.0	1144890889.02	0	29	-28	0.0	0.0	9	9	9	9	9	9	9	9	18	0	11.9	51	0.0	0	0	0	0	0	15	1144890889.1	150	135	03500	39.0675	94.8976666667	149.5	2.50	0	10.0	135.0	0.0	10.0	10	0	0
21:14:49.50	6.0	1144890889.5	1144890889.52	0	1144890889.51	01	15	22	31	9.5	0.8	304	0.0	154.19948	+004	0.02	1.0	1144890889.56	0	29	-28	0.0	0.0	9	9	9	9	9	9	9	9	18	0	11.9	52	0.0	0	0	0	0	0	150	0	0	0	0	0	0	0	0	0	0	0	0	0	0	0	0
21:14:50.00	6.5	1144890890.0	1144890890.02	0	1144890890.06	01	15	22	58	9.4	0.8	304	0.0	154.19948	+004	0.02	1.0	1144890890.02	0	29	-28	0.0	0.0	9	9	9	9	9	9	9	9	18	0	11.9	51	0.0	0	0	0	0	0	15	1144890890.1	150	135	03500	39.0675	94.8976666667	149.5	2.50	0	10.0	135.0	0.0	10.0	10	0	0
21:14:50.50	7.0	1144890890.5	1144890890.52	0	1144890890.51	01	15	23	31	9.4	0.8	304	0.0	154.19948	+004	0.02	1.0	1144890890.53	0	29	-28	0.0	0.0	9	9	9	9	9	9	9	9	18	0	11.9	51	0.0	0	0	0	0	0	150	0	0	0	0	0	0	0	0	0	0	0	0	0	0	0	0
21:14:51.00	7.5	1144890891.0	1144890891.01	0	1144890891.01	01	15	23	63	9.5	0.8	304	0.0	154.19948	+004	0.02	1.0	1144890891.09	0	29	-28	0.0	0.0	9	9	9	9	9	9	9	9	18	0	11.9	51	0.0	0	0	0	0	0	15	1144890891.090	0		-----0	0	0	0	0	0	0	0	-14.10	0	00	0	0
21:14:51.50	8.0	1144890891.5	1144890891.5	0	1144890891.51	01	15	24	31	9.5	0.8	304	0.0	154.19948	+004	0.02	1.0	1144890891.52	0	29	-28	0.0	0.0	9	9	9	9	9	9	9	9	18	0	11.9	51	0.0	0	0	0	0	0	150	0	0	0	0	0	0	0	0	0	0	0	0	0	0	0	0
21:14:52.00	8.5	1144890892.0	1144890892.0	0	1144890892.07	01	15	24	63	9.5	0.9	304	0.0	154.19948	+004	0.02	1.0	1144890892.07	0	29	-28	0.0	0.0	9	9	9	9	9	9	9	9	18	0	11.9	52	0.0	0	0	0	0	0	15	1144890892.10	0		-----0	0	0	0	0	0	0	0	-14.10	0	00	0	0
21:14:52.50	9.0	1144890892.5	1144890892.51	0	1144890892.51	01	15	25	31	9.5	0.9	304	0.0	154.19948	+004	0.02	1.0	1144890892.51	0	29	-28	0.0	0.0	9	9	9	9	9	9	9	9	18	0	11.9	51	0.0	0	0	0	0	0	150	0	0	0	0	0	0	0	0	0	0	0	0	0	0	0	0
21:14:53.00	9.5	1144890893.0	1144890893.02	0	1144890893.01	01	15	25	63	9.5	0.9	304	0.0	154.19948	+004	0.02	1.0	1144890893.04	0	29	-28	0.0	0.0	9	9	9	9	9	9	9	9	18	0	11.9	52	0.0	0	0	0	0	0	15	1144890893.080	0		-----0	0	0	0	0	0	0	0	-14.10	0	00	0	0
21:14:53.50	10.0	1144890893.5	1144890893.5	0	1144890893.5	01	15	26	30	9.5	0.9	304	0.0	154.19948	+004	0.02	1.0	1144890893.57	0	29	-28	0.0	0.0	9	9	9	9	9	9	9	9	18	0	11.9	51	0.0	0	0	0	0	0	150	0	0	0	0	0	0	0	0	0	0	0	0	0	0	0	0
21:14:54.00	10.5	1144890894.0	1144890894.01	0	1144890894.01	01	15	26	58	9.5	0.9	304	0.0	154.19948	+004	0.02	1.0	1144890894.01	0	29	-28	0.0	0.0	9	9	9	9	9	9	9	9	18	0	11.9	51	0.0	0	0	0	0	0	15	1144890894.10	0		-----0	0	0	0	0	0	0	0	-14.10	0	00	0	0
21:14:54.50	11.0	1144890894.5	1144890894.51	0	1144890894.51	01	15	27	31	9.5	0.9	304	0.0	154.19948	+004	0.02	1.0	1144890894.56	0	29	-28	0.0	0.0	9	9	9	9	9	9	9	9	18	0	11.9	51	0.0	0	0	0	0	0	150	0	0	0	0	0	0	0	0	0	0	0	0	0	0	0	0
21:14:55.00	11.5	1144890895.0	1144890895.02	0	1144890895.01	01	15	27	63	9.5	0.8	304	0.0	154.19948	+004	0.02	1.0	1144890895.13	0	29	-28	0.0	0.0	9	9	9	9	9	9	9	9	18	0	11.9	51	0.0	0	0	0	0	0	15	1144890895.070	0		-----0	0	0	0	0	0	0	0	-14.10	0	00	0	0
21:14:55.50	12.0	1144890895.5	1144890895.51	0	1144890895.51	01	15	28	31	9.6	0.8	304	0.0	154.19948	+004	0.02	1.0	1144890895.53	0	29	-28	0.0	0.0	9	9	9	9	9	9	9	9	18	0	11.9	51	0.0	0	0	0	0	0	150	0	0	0	0	0	0	0	0	0	0	0	0	0	0	0	0
21:14:56.00	12.5	1144890896.0	1144890896.01	0	1144890896.01	01	15	28	62	9.6	0.8	304	0.0	154.19948	+004	0.02	1.0	1144890896.08	0	29	-28	0.0	0.0	9	9	9	9	9	9	9	9	18	0	11.9	52	0.0	0	0	0	0	0	15	1144890896.10	0		-----0	0	0	0	0	0	0	0	-14.10	0	00	0	0
21:14:56.50	13.0	1144890896.5	1144890896.51	0	1144890896.51	01	15	29	31	9.5	0.9	304	0.0	154.19948	+004	0.02	1.0	1144890896.52	0	29	-28	0.0	0.0	9	9	9	9	9	9	9	9	18	0	11.9	51	0.0	0	0	0	0	0	150	0	0	0	0	0	0	0	0	0	0	0	0	0	0	0	0
21:14:57.00	13.5	1144890897.0	1144890897.02	0	1144890897.02	01	15	29	62	9.6	0.9	304	0.0	154.19948	+004	0.02	1.0	1144890897.05	0	29	-28	0.0	0.0	9	9	9	9	9	9	9	9	18	0	11.9	51	0.0	0	0	0	0	0	15	1144890897.070	0		-----0	0	0	0	0	0	0	0	-14.10	0	00	0	0
21:14:57.50	14.0	1144890897.5	1144890897.5	0	1144890897.51	01	15	30	31	9.6	0.9	304	0.0	154.19948	+004	0.02	1.0	1144890897.59	0	29	-28	0.0	0.0	9	9	9	9	9	9	9	9	18	0	11.9	51	0.0	0	0	0	0	0	150	0	0	0	0	0	0	0	0	0	0	0	0	0	0	0	0
21:14:58.00	14.5	1144890898.0	1144890898.07	0	1144890898.14	01	15	30	63	9.5	0.9	304	0.0	154.19948	+004	0.02	1.0	1144890898.07	0	29	-28	0.0	0.0	9	9	9	9	9	9	9	9	18	0	11.9	51	0.0	0	0	0	0	0	15	1144890898.110	0		-----0	0	0	0	0	0	0	0	-14.10	0	00	0	0
21:14:58.50	15.0	1144890898.5	1144890898.52	0	1144890898.51	01	15	31	31	9.6	0.9	304	0.0	154.19948	+004	0.02	1.0	1144890898.57	0	29	-28	0.0	0.0	9	9	9	9	9	9	9	9	18	0	11.9	52	0.0	0	0	0	0	0	150	0	0	0	0	0	0	0	0	0	0	0	0	0	0	0	0
21:14:59.00	15.5	1144890899.0	1144890899.01	0	1144890899.01	01	15	31	63	9.6	0.9	304	0.0	154.19948	+004	0.02	1.0	1144890899.03	0	29	-28	0.0	0.0	9	9	9	9	9	9	9	9	18	0	11.9	51	0.0	0	0	0	0	0	15	1144890899.070	0		-----0	0	0	0	0	0	0	0	-14.10	0	00	0	0
21:14:59.50	16.0	1144890899.5	1144890899.5	0	1144890899.51	01	15	32	31	9.6	0.9	304	0.0	154.19948	+004	0.02	1.0	1144890899.56	0	29	-28	0.0	0.0	9	9	9	9	9	9	9	9	18	0	11.9	51	0.0	0	0	0	0	0	150	0	0	0	0	0	0	0	0	0	0	0	0	0	0	0	0
21:15:00.00	16.5	1144890900.0	1144890900.08	0	1144890900.09	01	15	32	61	9.6	0.9	304	0.0	154.19948	+004	0.02	1.0	1144890900.08	0	29	-28	0.0	0.0	9	9	9	9	9	9	9	9	18	0	11.9	52	0.0	0	0	0	0	0	15	1144890900.090	0		-----0	0	0	0	0	0	0	0	-14.10	0	0	CYSH, AVVON, LAFIT, FRANX, YJN, YSC, MLT, PNN, 6E, YQI, CYQI	0
21:15:00.50	17.0	1144890900.5	1144890900.52	0	1144890900.51	01	15	33	31	9.6	0.9	304	0.0	154.19948	+004	0.01	1.0	1144890900.55	0	29	-28	0.0	0.0	9	9	9	9	9	9	9	9	18	0	11.9	51	0.0	0	0	0	0	0	150	0	0	0	0	0	0	0	0	0	0	0	0	0	0	0	0
21:15:01.00	17.5	1144890901.0	1144890901.01	0	1144890901.01	01	15	33	63	9.6	0.9	304	0.0	154.19948	+004	0.02	1.0	1144890901.08	0	29	-28	0.0	0.0	9	9	9	9	9	9	9	9	18	0	11.9	52	0.0	0	0	0	0	0	15	1144890901.110	0		-----0	0	0	0	0	0	0	0	-14.10	0	0	CYSH, AVVON, LAFIT, FRANX, YJN, YSC, MLT, PNN, 6E, YQI, CYQI	0
21:15:01.50	18.0	1144890901.5	1144890901.51	0	1144890901.51	01	15	34	31	9.6	0.9	304	0.0	154.19948	+004	0.02	1.0	1144890901.52	0	29	-28	0.0	0.0	9	9	9	9	9	9	9	9	18	0	11.9	52	0.0	0	0	0	0	0	150	0	0	0	0	0	0	0	0	0	0	0	0	0	0	0	0
21:15:02.00	18.5	1144890902.0	1144890902.01	0	1144890902.01	01	15	34	58	9.6	0.8	304	0.0	154.19948	+004	0.02	1.0	1144890902.01	0	29	-28	0.0	0.0	9	9	9	9	9	9	9	9	18	0	11.9	51	0.0	0	0	0	0	0	15	1144890902.170	0		-----0	0	0	0	0	0	0	0	-14.10	0	0	CYSH, AVVON, LAFIT, FRANX, YJN, YSC, MLT, PNN, 6E, YQI, CYQI	0
21:15:02.50	19.0	1144890902.5	1144890902.51	0	1144890902.51	01	15	35	31	9.6	0.9	304	0.0	154.19948	+004	0.02	1.0	1144890902.59	0	29	-28	0.0	0.0	9	9	9	9	9	9	9	9	18	0	11.8	51	0.0	0	0	0	0	0	150	0	0	0	0	0	0	0	0	0	0	0	0	0	0	0	0
21:15:03.00	19.5	1144890903.0	1144890903.02	0	1144890903.01	01	15	35	63	9.6	0.8	304	0.0	154.19948	+004	0.02	1.0	1144890903.04	0	29	-28	0.0	0.0	9	9	9	9	9	9	9	9	18	0	11.9	52	0.0	0	0	0	0	0	15	1144890903.080	0		-----0	0	0	0	0	0	0	0	-14.10	0	0	CYSH, AVVON, LAFIT, FRANX, YJN, YSC, MLT, PNN, 6E, YQI, CYQI	0
21:15:03.50	20.0	1144890903.5	1144890903.51	0	1144890903.51	01	15	36	31	9.6	0.9	304	0.0	154.19948	+004	0.02	1.0	1144890903.58	0	29	-28	0.0	0.0	9	9	9	9	9	9	9	9	18	0	11.9	51	0.0	0	0	0	0	0	150	0	0	0	0	0	0	0	0	0	0	0	0	0	0	0	0
21:15:04.00	20.5	1144890904.0	1144890904.01	0	1144890904.01	01	15	36	63	9.6	0.9	304	0.0	154.19948	+004	0.02	1.0	1144890904.06	0	29	-28	0.0	0.0	9	9	9	9	9	9	9	9	18	0	11.9	52	0.0	0	0	0	0	0	15	1144890904.080	0		-----0	0	0	0	0	0	0	0	-14.10	0	0	CYSH, AVVON, LAFIT, FRANX, YJN, YSC, MLT, PNN, 6E, YQI, CYQI	0
21:15:04.50	21.0	1144890904.5	1144890904.5	0	1144890904.51	01	15	37	31	9.6	0.9	304	0.0	154.19948	+004	0.02	1.0	1144890904.56	0	29	-28	0.0	0.0	9	9	9	9	9	9	9	9	18	0	11.9	52	0.0	0	0	0	0	0	150	0	0	0	0	0	0	0	0	0	0	0	0	0	0	0	0
21:15:05.00	21.5	1144890905.0	1144890905.01	0	1144890905.01	01	15	37	63	9.6	0.9	304	0.0	154.19948	+004	0.02	1.0	1144890905.1	0	29	-28	0.0	0.0	9	9	9	9	9	9	9	9	18	0	11.9	51	0.0	0	0	0	0	0	15	1144890905.10	0		-----0	0	0	0	0	0	0	0	-14.10	0	0	CYSH, AVVON, LAFIT, FRANX, YJN, YSC, MLT, PNN, 6E, YQI, CYQI	0
21:15:05.50	22.0	1144890905.5	1144890905.51	0	1144890905.51	01	15	38	31	9.6	0.9	304	0.0	154.19948	+004	0.02	1.0	1144890905.54	0	29	-28	0.0	0.0	9	9	9	9	9	9	9	9	18	0	11.9	51	0.0	0	0	0	0	0	150	0	0	0	0	0	0	0	0	0	0	0	0	0	0	0	0
21:15:06.00	22.5	1144890906.0	1144890906.01	0	1144890906.02	01	15	38	60	9.6	0.9	304	0.0	154.19948	+004	0.02	1.0	1144890906.07	0	29	-28	0.0	0.0	9	9	9	9	9	9	9	9	18	0	11.9	51	0.0	0	0	0	0	0	15	1144890906.130	0		-----0	0	0	0	0	0	0	0	-14.10	0	0	CYSH, AVVON, LAFIT, FRANX, YJN, YSC, MLT, PNN, 6E, YQI, CYQI	0
21:15:06.50	23.0	1144890906.5	1144890906.51	0	1144890906.51	01	15	39	31	9.6	0.9	304	0.0	154.19948	+004	0.02	1.0	1144890906.53	0	29	-28	0.0	0.0	9	9	9	9	9	9	9	9	18	0	11.9	51	0.0	0	0	0	0	0	150	0	0	0	0	0	0	0	0	0	0	0	0	0	0	0	0
21:15:07.00	23.5	1144890907.0	1144890907.0	0	1144890907.01	01	15	39	63	9.6	0.9	304	0.0	154.19948	+004	0.02	1.0	1144890907.06	0	29	-28	0.0	0.0	9	9	9	9	9	9	9	9	18	0	11.9	52	0.0	0	0	0	0	0	15	1144890907.120	0		-----0	0	0	0	0	0	0	0	-14.10	0	0	CYSH, AVVON, LAFIT, FRANX, YJN, YSC, MLT, PNN, 6E, YQI, CYQI	0
21:15:07.50	24.0	1144890907.5	1144890907.51	0	1144890907.51	01	15	40	31	9.6	0.9	304	0.0	154.19948	+004	0.02	1.0	1144890907.59	0	29	-28	0.0	0.0	9	9	9	9	9	9	9	9	18	0	11.9	51	0.0	0	0	0	0	0	150	0	0	0	0	0	0	0	0	0	0	0	0	0	0	0	0
21:15:08.00	24.5	1144890908.0	1144890908.0	0	1144890908.01	01	15	40	63	9.6	0.9	304	0.0	154.19948	+004	0.02	1.0	1144890908.07	0	29	-28	0.0	0.0	9	9	9	9	9	9	9	9	18	0	11.9	51	0.0	0	0	0	0	0	15	1144890908.080	0		-----0	0	0	0	0	0	0	0	-14.10	0	0	CYSH, AVVON, LAFIT, FRANX, YJN, YSC, MLT, PNN, 6E, YQI, CYQI	0
21:15:08.50	25.0	1144890908.5	1144890908.51	0	1144890908.51	01	15	41	31	9.6	0.9	304	0.0	154.19948	+004	0.02	1.0	1144890908.58	0	29	-28	0.0	0.0	9	9	9	9	9	9	9	9	18	0	11.9	51	0.0	0	0	0	0	0	150	0	0	0	0	0	0	0	0	0	0	0	0	0	0	0	0
21:15:09.00	25.5	1144890909.0	1144890909.0	0	1144890909.02	01	15	41	63	9.6	0.9	304	0.0	154.19948	+004	0.02	1.0	1144890909.01	0	29	-28	0.0	0.0	9	9	9	9	9	9	9	9	18	0	11.8	52	0.0	0	0	0	0	0	15	1144890909.080	0		-----0	0	0	0	0	0	0	0	-14.10	0	0	CYSH, AVVON, LAFIT, FRANX, YJN, YSC, MLT, PNN, 6E, YQI, CYQI	0
21:15:09.50	26.0	1144890909.5	1144890909.51	0	1144890909.5	01	15	42	30	9.6	0.9	304	0.0	154.19948	+004	0.02	1.0	1144890909.55	0	29	-28	0.0	0.0	9	9	9	9	9	9	9	9	18	0	11.9	51	0.0	0	0	0	0	0	150	0	0	0	0	0	0	0	0	0	0	0	0	0	0	0	0
21:15:10.00	26.5	1144890910.0	1144890910.05	0	1144890910.08	01	15	42	63	9.6	0.9	304	0.0	154.19948	+004	0.02	1.0	1144890910.05	0	29	-28	0.0	0.0	9	9	9	9	9	9	9	9	18	0	11.9	51	0.0	0	0	0	0	0	15	1144890910.10	0		-----0	0	0	0	0	0	0	0	-14.10	0	0	CYSH, AVVON, LAFIT, FRANX, YJN, YSC, MLT, PNN, 6E, YQI, CYQI	0
21:15:10.50	27.0	1144890910.5	1144890910.51	0	1144890910.51	01	15	43	31	9.6	0.9	304	0.0	154.19948	+004	0.02	1.0	1144890910.54	0	29	-28	0.0	0.0	9	9	9	9	9	9	9	9	18	0	11.9	51	0.0	0	0	0	0	0	150	0	0	0	0	0	0	0	0	0	0	0	0	0	0	0	0
21:15:11.00	27.5	1144890911.0	1144890911.01	0	1144890911.0	01	15	43	58	9.6	0.9	304	0.0	154.19948	+004	0.02	1.0	1144890911.07	0	29	-28	0.0	0.0	9	9	9	9	9	9	9	9	18	0	11.9	52	0.0	0	0	0	0	0	15	1144890911.10	0		-----0	0	0	0	0	0	0	0	-14.10	0	0	CYSH, AVVON, LAFIT, FRANX, YJN, YSC, MLT, PNN, 6E, YQI, CYQI	0
21:15:11.50	28.0	1144890911.5	1144890911.5	0	1144890911.51	01	15	44	31	9.6	0.9	304	0.0	154.19948	+004	0.02	1.0	1144890911.53	0	29	-28	0.0	0.0	9	9	9	9	9	9	9	9	18	0	11.9	51	0.0	0	0	0	0	0	150	0	0	0	0	0	0	0	0	0	0	0	0	0	0	0	0
21:15:12.00	28.5	1144890912.0	1144890912.06	0	1144890912.01	01	15	44	63	9.6	0.9	304	0.0	154.19948	+004	0.02	1.0	1144890912.06	0	29	-28	0.0	0.0	9	9	9	9	9	9	9	9	18	0	11.9	52	0.0	0	0	0	0	0	15	1144890912.120	0		-----0	0	0	0	0	0	0	0	-14.10	0	0	CYSH, AVVON, LAFIT, FRANX, YJN, YSC, MLT, PNN, 6E, YQI, CYQI	0
21:15:12.50	29.0	1144890912.5	1144890912.5	0	1144890912.51	01	15	45	31	9.6	0.9	304	0.0	154.19948	+004	0.02	1.0	1144890912.52	0	29	-28	0.0	0.0	9	9	9	9	9	9	9	9	18	0	11.9	52	0.0	0	0	0	0	0	150	0	0	0	0	0	0	0	0	0	0	0	0	0	0	0	0
21:15:13.00	29.5	1144890913.0	1144890913.01	0	1144890913.01	01	15	45	63	9.6	0.9	304	0.0	154.19948	+004	0.02	1.0	1144890913.04	0	29	-28	0.0	0.0	9	9	9	9	9	9	9	9	18	0	11.9	51	0.0	0	0	0	0	0	15	1144890913.190	0		-----0	0	0	0	0	0	0	0	-14.10	0	0	CYSH, AVVON, LAFIT, FRANX, YJN, YSC, MLT, PNN, 6E, YQI, CYQI	0
21:15:13.50	30.0	1144890913.5	1144890913.51	0	1144890913.51	01	15	46	31	9.6	0.9	304	0.0	154.19948	+004	0.02	1.0	1144890913.59	0	29	-28	0.0	0.0	9	9	9	9	9	9	9	9	18	0	11.9	52	0.0	0	0	0	0	0	150	0	0	0	0	0	0	0	0	0	0	0	0	0	0	0	0
21:15:14.00	30.5	1144890914.0	1144890914.0	0	1144890914.0	01	15	46	62	9.6	0.9	304	0.0	154.19948	+004	0.02	1.0	1144890914.08	0	29	-28	0.0	0.0	9	9	9	9	9	9	9	9	18	0	11.9	52	0.0	0	0	0	0	0	15	1144890914.090	0		-----0	0	0	0	0	0	0	0	-14.10	0	0	CYSH, AVVON, LAFIT, FRANX, YJN, YSC, MLT, PNN, 6E, YQI, CYQI	0
21:15:14.50	31.0	1144890914.5	1144890914.51	0	1144890914.51	01	15	47	31	9.6	1.0	304	0.0	154.19948	+004	0.02	1.0	1144890914.57	0	29	-28	0.0	0.0	9	9	9	9	9	9	9	9	18	0	11.9	52	0.0	0	0	0	0	0	150	0	0	0	0	0	0	0	0	0	0	0	0	0	0	0	0
21:15:15.00	31.5	1144890915.0	1144890915.02	0	1144890915.02	01	15	47	63	9.6	1.0	304	0.0	154.19948	+004	0.02	1.0	1144890915.02	0	29	-28	0.0	0.0	9	9	9	9	9	9	9	9	18	0	11.9	52	0.0	0	0	0	0	0	15	1144890915.090	0		-----0	0	0	0	0	0	0	0	-14.10	0	0	CYSH, AVVON, LAFIT, FRANX, YJN, YSC, MLT, PNN, 6E, YQI, CYQI	0
21:15:15.50	32.0	1144890915.5	1144890915.53	0	1144890915.51	01	15	48	31	9.6	1.0	304	0.0	154.19948	+004	0.02	1.0	1144890915.56	0	29	-28	0.0	0.0	9	9	9	9	9	9	9	9	18	0	11.9	52	0.0	0	0	0	0	0	150	0	0	0	0	0	0	0	0	0	0	0	0	0	0	0	0
21:15:16.00	32.5	1144890916.0	1144890916.01	0	1144890916.01	01	15	48	63	9.6	1.0	304	0.0	154.19948	+004	0.02	1.0	1144890916.09	0	29	-28	0.0	0.0	9	9	9	9	9	9	9	9	18	0	11.9	52	0.0	0	0	0	0	0	15	1144890916.10	0		-----0	0	0	0	0	0	0	0	-14.10	0	0	CYSH, AVVON, LAFIT, FRANX, YJN, YSC, MLT, PNN, 6E, YQI, CYQI	0
21:15:16.50	33.0	1144890916.5	1144890916.5	0	1144890916.51	01	15	49	31	9.6	0.9	304	0.0	154.19948	+004	0.02	1.0	1144890916.53	0	29	-28	0.0	0.0	9	9	9	9	9	9	9	9	18	0	11.9	52	0.0	0	0	0	0	0	150	0	0	0	0	0	0	0	0	0	0	0	0	0	0	0	0
21:15:17.00	33.5	1144890917.0	1144890917.02	0	1144890917.01	01	15	49	63	9.6	0.9	304	0.0	154.19948	+004	0.02	1.0	1144890917.08	0	29	-28	0.0	0.0	9	9	9	9	9	9	9	9	18	0	11.9	52	0.0	0	0	0	0	0	15	1144890917.130	0		-----0	0	0	0	0	0	0	0	-14.10	0	0	CYSH, AVVON, LAFIT, FRANX, YJN, YSC, MLT, PNN, 6E, YQI, CYQI	0
21:15:17.50	34.0	1144890917.5	1144890917.5	0	1144890917.51	01	15	50	31	9.6	0.9	304	0.0	154.19948	+004	0.02	1.0	1144890917.52	0	29	-28	0.0	0.0	9	9	9	9	9	9	9	9	18	0	11.9	52	0.0	0	0	0	0	0	150	0	0	0	0	0	0	0	0	0	0	0	0	0	0	0	0
21:15:18.00	34.5	1144890918.0	1144890918.02	0	1144890918.08	01	15	50	62	9.6	1.0	304	0.0	154.19948	+004	0.02	1.0	1144890918.02	0	29	-28	0.0	0.0	9	9	9	9	9	9	9	9	18	0	11.9	51	0.0	0	0	0	0	0	15	1144890918.120	0		-----0	0	0	0	0	0	0	0	-14.10	0	0	CYSH, AVVON, LAFIT, FRANX, YJN, YSC, MLT, PNN, 6E, YQI, CYQI	0
21:15:18.50	35.0	1144890918.5	1144890918.5	0	1144890918.51	01	15	51	31	9.6	1.0	304	0.0	154.19948	+004	0.02	1.0	1144890918.53	0	29	-28	0.0	0.0	9	9	9	9	9	9	9	9	18	0	11.9	51	0.0	0	0	0	0	0	150	0	0	0	0	0	0	0	0	0	0	0	0	0	0	0	0
21:15:19.00	35.5	1144890919.0	1144890919.01	0	1144890919.01	01	15	51	63	9.6	1.0	304	0.0	154.19948	+004	0.02	1.0	1144890919.08	0	29	-28	0.0	0.0	9	9	9	9	9	9	9	9	18	0	11.9	52	0.0	0	0	0	0	0	150	0	0	0	0	0	0	0	0	0	0	0	0	0	0	0	0
21:15:19.50	36.0	1144890919.5	1144890919.5	0	1144890919.51	01	15	52	31	9.6	1.0	304	0.0	154.19948	+004	0.02	1.0	1144890919.52	0	29	-28	0.0	0.0	9	9	9	9	9	9	9	9	18	0	11.9	51	0.0	0	0	0	0	0	150	0	0	0	0	0	0	0	0	0	0	0	0	0	0	0	0
21:15:20.00	36.5	1144890920.0	1144890920.04	0	1144890920.06	01	15	52	58	9.6	1.0	304	0.0	154.19948	+004	0.02	1.0	1144890920.06	0	29	-28	0.0	0.0	9	9	9	9	9	9	9	9	18	0	11.9	51	0.0	0	0	0	0	0	15	1144890920.090	0		-----0	0	0	0	0	0	0	0	-14.10	0	0	CYSH, AVVON, LAFIT, FRANX, YJN, YSC, MLT, PNN, 6E, YQI, CYQI	0
21:15:20.50	37.0	1144890920.5	1144890920.5	0	1144890920.51	01	15	53	31	9.6	0.9	304	0.0	154.19948	+004	0.02	1.0	1144890920.5	0	29	-28	0.0	0.0	9	9	9	9	9	9	9	9	18	0	11.9	52	0.0	0	0	0	0	0	150	0	0	0	0	0	0	0	0	0	0	0	0	0	0	0	0
21:15:21.00	37.5	1144890921.0	1144890921.0	0	1144890921.01	01	15	53	63	9.6	1.0	304	0.0	154.19948	+004	0.02	1.0	1144890921.05	0	29	-28	0.0	0.0	9	9	9	9	9	9	9	9	18	0	11.9	52	0.0	0	0	0	0	0	15	1144890921.120	0		-----0	0	0	0	0	0	0	0	-14.10	0	0	CYSH, AVVON, LAFIT, FRANX, YJN, YSC, MLT, PNN, 6E, YQI, CYQI	0
21:15:21.50	38.0	1144890921.5	1144890921.5	0	1144890921.51	01	15	54	31	9.6	1.0	304	0.0	154.19948	+004	0.02	1.0	1144890921.58	0	29	-28	0.0	0.0	9	9	9	9	9	9	9	9	18	0	11.9	51	0.0	0	0	0	0	0	150	0	0	0	0	0	0	0	0	0	0	0	0	0	0	0	0
21:15:22.00	38.5	1144890922.0	1144890922.05	0	1144890922.07	01	15	54	62	9.6	1.0	304	0.0	154.19948	+004	0.02	1.0	1144890922.06	0	29	-28	0.0	0.0	9	9	9	9	9	9	9	9	18	0	11.9	52	0.0	0	0	0	0	0	15	1144890922.110	0		-----0	0	0	0	0	0	0	0	-14.10	0	0	CYSH, AVVON, LAFIT, FRANX, YJN, YSC, MLT, PNN, 6E, YQI, CYQI	0
21:15:22.50	39.0	1144890922.5	1144890922.51	0	1144890922.51	01	15	55	31	9.6	0.9	304	0.0	154.19948	+004	0.02	1.0	1144890922.5	0	29	-28	0.0	0.0	9	9	9	9	9	9	9	9	18	0	11.9	51	0.0	0	0	0	0	0	150	0	0	0	0	0	0	0	0	0	0	0	0	0	0	0	0
21:15:23.00	39.5	1144890923.0	1144890923.01	0	1144890923.01	01	15	55	63	9.6	0.9	304	0.0	154.19948	+004	0.02	1.0	1144890923.05	0	29	-28	0.0	0.0	9	9	9	9	9	9	9	9	18	0	11.9	51	0.0	0	0	0	0	0	15	1144890923.130	0		-----0	0	0	0	0	0	0	0	-14.10	0	0	CYSH, AVVON, LAFIT, FRANX, YJN, YSC, MLT, PNN, 6E, YQI, CYQI	0
21:15:23.50	40.0	1144890923.5	1144890923.51	0	1144890923.51	01	15	56	31	9.6	0.9	304	0.0	154.19948	+004	0.02	1.0	1144890923.58	0	29	-28	0.0	0.0	9	9	9	9	9	9	9	9	18	0	11.9	51	0.0	0	0	0	0	0	150	0	0	0	0	0	0	0	0	0	0	0	0	0	0	0	0
21:15:24.00	40.5	1144890924.0	1144890924.05	0	1144890924.09	01	15	56	63	9.6	0.9	304	0.0	154.19948	+004	0.02	1.0	1144890924.06	0	29	-28	0.0	0.0	9	9	9	9	9	9	9	9	18	0	11.9	52	0.0	0	0	0	0	0	15	1144890924.130	0		-----0	0	0	0	0	0	0	0	-14.10	0	0	CYSH, AVVON, LAFIT, FRANX, YJN, YSC, MLT, PNN, 6E, YQI, CYQI	0
21:15:24.50	41.0	1144890924.5	1144890924.52	0	1144890924.51	01	15	57	31	9.6	0.9	304	0.0	154.19948	+004	0.02	1.0	1144890924.55	0	29	-28	0.0	0.0	9	9	9	9	9	9	9	9	18	0	11.9	51	0.0	0	0	0	0	0	150	0	0	0	0	0	0	0	0	0	0	0	0	0	0	0	0
21:15:25.00	41.5	1144890925.0	1144890925.01	0	1144890925.01	01	15	57	63	9.6	0.9	304	0.0	150.91864	+003	0.02	1.0	1144890925.01	0	29	-28	0.0	0.0	9	9	9	9	9	9	9	9	18	0	11.9	51	0.0	0	0	0	0	0	15	1144890925.10	0		-----0	0	0	0	0	0	0	0	-14.10	0	0	CYSH, AVVON, LAFIT, FRANX, YJN, YSC, MLT, PNN, 6E, YQI, CYQI	0
21:15:25.50	42.0	1144890925.5	1144890925.51	0	1144890925.51	01	15	58	31	9.6	0.9	304	0.0	150.91864	+003	0.02	1.0	1144890925.54	0	29	-28	0.0	0.0	9	9	9	9	9	9	9	9	18	0	11.9	52	0.0	0	0	0	0	0	150	0	0	0	0	0	0	0	0	0	0	0	0	0	0	0	0
21:15:26.00	42.5	1144890926.0	1144890926.02	0	1144890926.01	01	15	58	63	9.6	0.9	304	0.0	150.91864	+004	0.02	1.0	1144890926.07	0	29	-28	0.0	0.0	9	9	9	9	9	9	9	9	18	0	11.9	52	0.0	0	0	0	0	0	15	1144890926.10	0		-----0	0	0	0	0	0	0	0	-14.10	0	0	CYSH, AVVON, LAFIT, FRANX, YJN, YSC, MLT, PNN, 6E, YQI, CYQI	0
21:15:26.50	43.0	1144890926.5	1144890926.52	0	1144890926.51	01	15	59	31	9.6	0.9	304	0.0	150.91864	+004	0.02	1.0	1144890926.52	0	29	-28	0.0	0.0	9	9	9	9	9	9	9	9	18	0	11.9	52	0.0	0	0	0	0	0	150	0	0	0	0	0	0	0	0	0	0	0	0	0	0	0	0
21:15:27.00	43.5	1144890927.0	1144890927.01	0	1144890927.01	01	15	59	63	9.6	0.9	304	0.0	150.91864	+003	0.02	1.0	1144890927.06	0	29	-28	0.0	0.0	9	9	9	9	9	9	9	9	18	0	11.9	52	0.0	0	0	0	0	0	15	1144890927.120	0		-----0	0	0	0	0	0	0	0	-14.10	0	0	CYSH, AVVON, LAFIT, FRANX, YJN, YSC, MLT, PNN, 6E, YQI, CYQI	0
21:15:27.50	44.0	1144890927.5	1144890927.51	0	1144890927.51	01	16	00	31	9.6	0.9	304	0.0	150.91864	+003	0.02	1.0	1144890927.5	0	29	-28	0.0	0.0	9	9	9	9	9	9	9	9	18	0	11.9	52	0.0	0	0	0	0	0	150	0	0	0	0	0	0	0	0	0	0	0	0	0	0	0	0
21:15:28.00	44.5	1144890928.0	1144890928.01	0	1144890928.01	01	16	00	63	9.6	0.9	304	0.0	150.91864	+004	0.02	1.0	1144890928.05	0	29	-28	0.0	0.0	9	9	9	9	9	9	9	9	17	0	11.9	51	0.0	0	0	0	0	0	15	1144890928.120	0		-----0	0	0	0	0	0	0	0	-14.10	0	0	CYSH, AVVON, LAFIT, FRANX, YJN, YSC, MLT, PNN, 6E, YQI, CYQI	0
21:15:28.50	45.0	1144890928.5	1144890928.51	0	1144890928.51	01	16	01	31	9.6	0.9	304	0.0	150.91864	+004	0.02	1.0	1144890928.58	0	29	-28	0.0	0.0	9	9	9	9	9	9	9	9	18	0	11.9	51	0.0	0	0	0	0	0	150	0	0	0	0	0	0	0	0	0	0	0	0	0	0	0	0
21:15:29.00	45.5	1144890929.0	1144890929.0	0	1144890929.01	01	16	01	63	9.6	0.9	304	0.0	150.91864	+004	0.02	1.0	1144890929.04	0	29	-28	0.0	0.0	9	9	9	9	9	9	9	9	18	0	11.9	52	0.0	0	0	0	0	0	15	1144890929.150	0		-----0	0	0	0	0	0	0	0	-14.10	0	0	CYSH, AVVON, LAFIT, FRANX, YJN, YSC, MLT, PNN, 6E, YQI, CYQI	0
21:15:29.50	46.0	1144890929.5	1144890929.55	0	1144890929.55	01	16	02	25	9.6	0.9	304	0.0	150.91864	+004	0.02	1.0	1144890929.55	0	29	-28	0.0	0.0	9	9	9	9	9	9	9	9	18	0	11.9	51	0.0	0	0	0	0	0	150	0	0	0	0	0	0	0	0	0	0	0	0	0	0	0	0
21:15:30.00	46.5	1144890930.0	1144890930.01	0	1144890930.0	01	16	02	58	9.6	0.9	304	0.0	150.91864	+004	0.02	1.0	1144890930.01	0	29	-28	0.0	0.0	9	9	9	9	9	9	9	9	18	0	11.9	52	0.0	0	0	0	0	0	150	0	0	0	0	0	0	0	0	0	0	0	0	0	0	0	0
21:15:30.50	47.0	1144890930.5	1144890930.51	0	1144890930.51	01	16	03	31	9.6	0.9	304	0.0	150.91864	+004	0.02	1.0	1144890930.55	0	29	-28	0.0	0.0	9	9	9	9	9	9	9	9	18	0	11.9	52	0.0	0	0	0	0	0	150	0	0	0	0	0	0	0	0	0	0	0	0	0	0	0	0
21:15:31.00	47.5	1144890931.0	1144890931.01	0	1144890931.01	01	16	03	63	9.6	0.9	304	0.0	150.91864	+004	0.02	1.0	1144890931.07	0	29	-28	0.0	0.0	9	9	9	9	9	9	9	9	18	0	11.9	51	0.0	0	0	0	0	0	15	1144890931.10	0		-----0	0	0	0	0	0	0	0	-14.10	0	0	CYSH, AVVON, LAFIT, FRANX, YJN, YSC, MLT, PNN, 6E, YQI, CYQI	0
21:15:31.50	48.0	1144890931.5	1144890931.51	0	1144890931.51	01	16	04	31	9.6	0.9	304	0.0	147.6378	+004	0.02	1.0	1144890931.53	0	29	-28	0.0	0.0	9	9	9	9	9	9	9	9	18	0	11.9	52	0.0	0	0	0	0	0	150	0	0	0	0	0	0	0	0	0	0	0	0	0	0	0	0
21:15:32.00	48.5	1144890932.0	1144890932.01	0	1144890932.01	01	16	04	60	9.6	0.9	304	0.0	147.6378	+004	0.02	1.0	1144890932.01	0	29	-28	0.0	0.0	9	9	9	9	9	9	9	9	18	0	11.9	52	0.0	0	0	0	0	0	15	1144890932.120	0		-----0	0	0	0	0	0	0	0	-14.10	0	0	CYSH, AVVON, LAFIT, FRANX, YJN, YSC, MLT, PNN, 6E, YQI, CYQI	0
21:15:32.50	49.0	1144890932.5	1144890932.52	0	1144890932.51	01	16	05	31	9.6	0.9	304	0.0	147.6378	+004	0.02	1.0	1144890932.5	0	29	-28	0.0	0.0	9	9	9	9	9	9	9	9	18	0	11.9	51	0.0	0	0	0	0	0	150	0	0	0	0	0	0	0	0	0	0	0	0	0	0	0	0
21:15:33.00	49.5	1144890933.0	1144890933.0	0	1144890933.01	01	16	05	63	9.6	0.9	304	0.0	147.6378	+004	0.02	1.0	1144890933.05	0	29	-28	0.0	0.0	9	9	9	9	9	9	9	9	18	0	11.9	51	0.0	0	0	0	0	0	15	1144890933.130	0		-----0	0	0	0	0	0	0	0	-14.10	0	0	CYSH, AVVON, LAFIT, FRANX, YJN, YSC, MLT, PNN, 6E, YQI, CYQI	0
21:15:33.50	50.0	1144890933.5	1144890933.5	0	1144890933.51	01	16	06	31	9.6	0.9	304	0.0	147.6378	+004	0.02	1.0	1144890933.59	0	29	-28	0.0	0.0	9	9	9	9	9	9	9	9	18	0	11.9	51	0.0	0	0	0	0	0	150	0	0	0	0	0	0	0	0	0	0	0	0	0	0	0	0
21:15:34.00	50.5	1144890934.0	1144890934.01	0	1144890934.01	01	16	06	57	9.6	0.9	304	0.0	147.6378	+004	0.02	1.0	1144890934.02	0	29	-28	0.0	0.0	9	9	9	9	9	9	9	9	18	0	11.9	52	0.0	0	0	0	0	0	15	1144890934.140	0		-----0	0	0	0	0	0	0	0	-14.10	0	0	CYSH, AVVON, LAFIT, FRANX, YJN, YSC, MLT, PNN, 6E, YQI, CYQI	0
21:15:34.50	51.0	1144890934.5	1144890934.51	0	1144890934.51	01	16	07	31	9.6	0.9	304	0.0	147.6378	+003	0.02	1.0	1144890934.56	0	29	-28	0.0	0.0	9	9	9	9	9	9	9	9	18	0	11.9	52	0.0	0	0	0	0	0	150	0	0	0	0	0	0	0	0	0	0	0	0	0	0	0	0
21:15:35.00	51.5	1144890935.0	1144890935.02	0	1144890935.01	01	16	07	63	9.6	0.9	304	0.0	144.35696	+004	0.02	1.0	1144890935.01	0	29	-28	0.0	0.0	9	9	9	9	9	9	9	9	18	0	11.9	51	0.0	0	0	0	0	0	15	1144890935.140	0		-----0	0	0	0	0	0	0	0	-14.10	0	0	CYSH, AVVON, LAFIT, FRANX, YJN, YSC, MLT, PNN, 6E, YQI, CYQI	0
21:15:35.50	52.0	1144890935.5	1144890935.52	0	1144890935.51	01	16	08	31	9.6	0.9	304	0.0	147.6378	+004	0.02	1.0	1144890935.55	0	29	-28	0.0	0.0	9	9	9	9	9	9	9	9	18	0	11.9	52	0.0	0	0	0	0	0	150	0	0	0	0	0	0	0	0	0	0	0	0	0	0	0	0
21:15:36.00	52.5	1144890936.0	1144890936.01	0	1144890936.01	01	16	08	60	9.6	0.9	304	0.0	144.35696	+004	0.02	1.0	1144890936.01	0	29	-28	0.0	0.0	9	9	9	9	9	9	9	9	18	0	11.9	52	0.0	0	0	0	0	0	15	1144890936.110	0		-----0	0	0	0	0	0	0	0	-14.10	0	0	CYSH, AVVON, LAFIT, FRANX, YJN, YSC, MLT, PNN, 6E, YQI, CYQI	0
21:15:36.50	53.0	1144890936.5	1144890936.51	0	1144890936.51	01	16	09	31	9.6	0.9	304	0.0	144.35696	+004	0.02	1.0	1144890936.54	0	29	-28	0.0	0.0	9	9	9	9	9	9	9	9	18	0	11.9	51	0.0	0	0	0	0	0	150	0	0	0	0	0	0	0	0	0	0	0	0	0	0	0	0
21:15:37.00	53.5	1144890937.0	1144890937.01	0	1144890937.01	01	16	09	63	9.7	0.9	304	0.0	144.35696	+004	0.02	1.0	1144890937.06	0	29	-28	0.0	0.0	9	9	9	9	9	9	9	9	18	0	11.9	52	0.0	0	0	0	0	0	15	1144890937.110	0		-----0	0	0	0	0	0	0	0	-14.10	0	0	CYSH, AVVON, LAFIT, FRANX, YJN, YSC, MLT, PNN, 6E, YQI, CYQI	0
21:15:37.50	54.0	1144890937.5	1144890937.51	0	1144890937.5	01	16	10	29	9.7	0.9	304	0.0	144.35696	+004	0.02	1.0	1144890937.52	0	29	-28	0.0	0.0	9	9	9	9	9	9	9	9	18	0	11.9	51	0.0	0	0	0	0	0	150	0	0	0	0	0	0	0	0	0	0	0	0	0	0	0	0
21:15:38.00	54.5	1144890938.0	1144890938.01	0	1144890938.0	01	16	10	60	9.7	0.9	304	0.0	144.35696	+004	0.02	1.0	1144890938.05	0	29	-28	0.0	0.0	9	9	9	9	9	9	9	9	18	0	11.9	51	0.0	0	0	0	0	0	15	1144890938.130	0		-----0	0	0	0	0	0	0	0	-14.10	0	0	CYSH, AVVON, LAFIT, FRANX, YJN, YSC, MLT, PNN, 6E, YQI, CYQI	0
21:15:38.50	55.0	1144890938.5	1144890938.5	0	1144890938.51	01	16	11	31	9.7	0.9	304	0.0	144.35696	+004	0.02	1.0	1144890938.57	0	29	-28	0.0	0.0	9	9	9	9	9	9	9	9	18	0	11.9	51	0.0	0	0	0	0	0	150	0	0	0	0	0	0	0	0	0	0	0	0	0	0	0	0
21:15:39.00	55.5	1144890939.0	1144890939.02	0	1144890939.01	01	16	11	63	9.7	0.9	304	0.0	144.35696	+004	0.02	1.0	1144890939.03	0	29	-28	0.0	0.0	9	9	9	9	9	9	9	9	18	0	11.9	51	0.0	0	0	0	0	0	15	1144890939.130	0		-----0	0	0	0	0	0	0	0	-14.10	0	0	CYSH, AVVON, LAFIT, FRANX, YJN, YSC, MLT, PNN, 6E, YQI, CYQI	0
21:15:39.50	56.0	1144890939.5	1144890939.51	0	1144890939.51	01	16	12	31	9.6	0.9	304	0.0	141.07612	+004	0.02	1.0	1144890939.56	0	29	-28	0.0	0.0	9	9	9	9	9	9	9	9	18	0	11.9	52	0.0	0	0	0	0	0	150	0	0	0	0	0	0	0	0	0	0	0	0	0	0	0	0
21:15:40.00	56.5	1144890940.0	1144890940.01	0	1144890940.02	01	16	12	60	9.6	0.9	304	0.0	141.07612	+004	0.02	1.0	1144890940.01	0	29	-28	0.0	0.0	9	9	9	9	9	9	9	9	18	0	11.9	52	0.0	0	0	0	0	0	15	1144890940.150	0		-----0	0	0	0	0	0	0	0	-14.10	0	0	CYSH, AVVON, LAFIT, FRANX, YJN, YSC, MLT, PNN, 6E, YQI, CYQI	0
21:15:40.50	57.0	1144890940.5	1144890940.52	0	1144890940.51	01	16	13	31	9.7	0.9	304	0.0	141.07612	+003	0.02	1.0	1144890940.55	0	29	-28	0.0	0.0	9	9	9	9	9	9	9	9	18	0	11.9	51	0.0	0	0	0	0	0	150	0	0	0	0	0	0	0	0	0	0	0	0	0	0	0	0
21:15:41.00	57.5	1144890941.0	1144890941.0	0	1144890941.01	01	16	13	63	9.7	0.9	304	0.0	137.79528	+003	0.02	1.0	1144890941.0	0	29	-28	0.0	0.0	9	9	9	9	9	9	9	9	18	0	11.9	51	0.0	0	0	0	0	0	15	1144890941.220	0		-----0	0	0	0	0	0	0	0	-14.10	0	0	CYSH, AVVON, LAFIT, FRANX, YJN, YSC, MLT, PNN, 6E, YQI, CYQI	0
21:15:41.50	58.0	1144890941.5	1144890941.51	0	1144890941.51	01	16	14	31	9.6	0.9	304	0.0	137.79528	+003	0.02	1.0	1144890941.54	0	29	-28	0.0	0.0	9	9	9	9	9	9	9	9	18	0	11.9	52	0.0	0	0	0	0	0	150	0	0	0	0	0	0	0	0	0	0	0	0	0	0	0	0
21:15:42.00	58.5	1144890942.0	1144890942.0	0	1144890942.0	01	16	14	61	9.6	0.9	304	0.0	137.79528	+004	0.02	1.0	1144890942.06	0	29	-28	0.0	0.0	9	9	9	9	9	9	9	9	18	0	11.9	52	0.0	0	0	0	0	0	15	1144890942.110	0		-----0	0	0	0	0	0	0	0	-14.10	0	0	CYSH, AVVON, LAFIT, FRANX, YJN, YSC, MLT, PNN, 6E, YQI, CYQI	0
21:15:42.50	59.0	1144890942.5	1144890942.51	0	1144890942.51	01	16	15	31	9.6	0.9	304	0.0	137.79528	+004	0.02	1.0	1144890942.51	0	29	-28	0.0	0.0	9	9	9	9	9	9	9	9	18	0	11.9	51	0.0	0	0	0	0	0	150	0	0	0	0	0	0	0	0	0	0	0	0	0	0	0	0
21:15:43.00	59.5	1144890943.0	1144890943.01	0	1144890943.01	01	16	15	63	9.6	0.9	304	0.0	137.79528	+004	0.02	1.0	1144890943.06	0	29	-28	0.0	0.0	9	9	9	9	9	9	9	9	18	0	11.9	52	0.0	0	0	0	0	0	15	1144890943.130	0		-----0	0	0	0	0	0	0	0	-14.10	0	0	CYSH, AVVON, LAFIT, FRANX, YJN, YSC, MLT, PNN, 6E, YQI, CYQI	0
21:15:43.50	60.0	1144890943.5	1144890943.5	0	1144890943.51	01	16	16	28	9.6	0.9	304	0.0	137.79528	+004	0.02	1.0	1144890943.5	0	29	-28	0.0	0.0	9	9	9	9	9	9	9	9	18	0	11.9	51	0.0	0	0	0	0	0	150	0	0	0	0	0	0	0	0	0	0	0	0	0	0	0	0
21:15:44.00	60.5	1144890944.0	1144890944.01	0	1144890944.02	01	16	16	60	9.6	0.9	304	0.0	137.79528	+004	0.02	1.0	1144890944.03	0	29	-28	0.0	0.0	9	9	9	9	9	9	9	9	18	0	11.9	51	0.0	0	0	0	0	0	15	1144890944.140	0		-----0	0	0	0	0	0	0	0	-14.10	0	0	CYSH, AVVON, LAFIT, FRANX, YJN, YSC, MLT, PNN, 6E, YQI, CYQI	0
21:15:44.50	61.0	1144890944.5	1144890944.51	0	1144890944.51	01	16	17	31	9.6	0.9	304	0.0	137.79528	+004	0.02	1.0	1144890944.58	0	29	-28	0.0	0.0	9	9	9	9	9	9	9	9	18	0	11.9	51	0.0	0	0	0	0	0	150	0	0	0	0	0	0	0	0	0	0	0	0	0	0	0	0
21:15:45.00	61.5	1144890945.0	1144890945.0	0	1144890945.01	01	16	17	63	9.6	0.9	304	0.0	137.79528	+004	0.02	1.0	1144890945.02	0	29	-28	0.0	0.0	9	9	9	9	9	9	9	9	18	0	11.9	51	0.0	0	0	0	0	0	15	1144890945.160	0		-----0	0	0	0	0	0	0	0	-14.10	0	0	CYSH, AVVON, LAFIT, FRANX, YJN, YSC, MLT, PNN, 6E, YQI, CYQI	0
21:15:45.50	62.0	1144890945.5	1144890945.51	0	1144890945.51	01	16	18	31	9.6	0.9	304	0.0	134.51444	+004	0.02	1.0	1144890945.55	0	29	-28	0.0	0.0	9	9	9	9	9	9	9	9	18	0	11.9	51	0.0	0	0	0	0	0	150	0	0	0	0	0	0	0	0	0	0	0	0	0	0	0	0
21:15:46.00	62.5	1144890946.0	1144890946.01	0	1144890946.01	01	16	18	60	9.6	0.9	304	0.0	134.51444	+004	0.02	1.0	1144890946.01	0	29	-28	0.0	0.0	9	9	9	9	9	9	9	9	18	0	11.9	52	0.0	0	0	0	0	0	15	1144890946.150	0		-----0	0	0	0	0	0	0	0	-14.10	0	0	CYSH, AVVON, LAFIT, FRANX, YJN, YSC, MLT, PNN, 6E, YQI, CYQI	0
21:15:46.50	63.0	1144890946.5	1144890946.52	0	1144890946.51	01	16	19	31	9.6	0.9	304	0.0	134.51444	+004	0.02	1.0	1144890946.54	0	29	-28	0.0	0.0	9	9	9	9	9	9	9	9	18	0	11.9	52	0.0	0	0	0	0	0	150	0	0	0	0	0	0	0	0	0	0	0	0	0	0	0	0
21:15:47.00	63.5	1144890947.0	1144890947.01	0	1144890947.01	01	16	19	63	9.7	0.9	304	0.0	134.51444	+004	0.02	1.0	1144890947.07	0	29	-28	0.0	0.0	9	9	9	9	9	9	9	9	18	0	11.9	52	0.0	0	0	0	0	0	15	1144890947.120	0		-----0	0	0	0	0	0	0	0	-14.10	0	0	CYSH, AVVON, LAFIT, FRANX, YJN, YSC, MLT, PNN, 6E, YQI, CYQI	0
21:15:47.50	64.0	1144890947.5	1144890947.52	0	1144890947.51	01	16	20	31	9.7	0.9	304	0.0	134.51444	+004	0.02	1.0	1144890947.51	0	29	-28	0.0	0.0	9	9	9	9	9	9	9	9	18	0	11.8	51	0.0	0	0	0	0	0	150	0	0	0	0	0	0	0	0	0	0	0	0	0	0	0	0
21:15:48.00	64.5	1144890948.0	1144890948.03	0	1144890948.08	01	16	20	63	9.7	0.9	304	0.0	134.51444	+004	0.02	1.0	1144890948.08	0	29	-28	0.0	0.0	9	9	9	9	9	9	9	9	18	0	11.9	52	0.0	0	0	0	0	0	15	1144890948.120	0		-----0	0	0	0	0	0	0	0	-14.10	0	0	CYSH, AVVON, LAFIT, FRANX, YJN, YSC, MLT, PNN, 6E, YQI, CYQI	0
21:15:48.50	65.0	1144890948.5	1144890948.51	0	1144890948.51	01	16	21	31	9.7	0.9	304	0.0	134.51444	+003	0.02	1.0	1144890948.59	0	29	-28	0.0	0.0	9	9	9	9	9	9	9	9	18	0	11.9	52	0.0	0	0	0	0	0	150	0	0	0	0	0	0	0	0	0	0	0	0	0	0	0	0
21:15:49.00	65.5	1144890949.0	1144890949.01	0	1144890949.01	01	16	21	63	9.7	0.9	304	0.0	134.51444	+003	0.02	1.0	1144890949.03	0	29	-28	0.0	0.0	9	9	9	9	9	9	9	9	18	0	11.9	52	0.0	0	0	0	0	0	15	1144890949.140	0		-----0	0	0	0	0	0	0	0	-14.10	0	0	CYSH, AVVON, LAFIT, FRANX, YJN, YSC, MLT, PNN, 6E, YQI, CYQI	0
21:15:49.50	66.0	1144890949.5	1144890949.51	0	1144890949.51	01	16	22	31	9.7	0.9	304	0.0	134.51444	+004	0.02	1.0	1144890949.58	0	29	-28	0.0	0.0	9	9	9	9	9	9	9	9	18	0	11.9	52	0.0	0	0	0	0	0	150	0	0	0	0	0	0	0	0	0	0	0	0	0	0	0	0
21:15:50.00	66.5	1144890950.0	1144890950.06	0	1144890950.01	01	16	22	63	9.7	0.9	304	0.0	134.51444	+004	0.02	1.0	1144890950.06	0	29	-28	0.0	0.0	9	9	9	9	9	9	9	9	18	0	11.9	52	0.0	0	0	0	0	0	15	1144890950.140	0		-----0	0	0	0	0	0	0	0	-14.10	0	0	CYSH, AVVON, LAFIT, FRANX, YJN, YSC, MLT, PNN, 6E, YQI, CYQI	0
21:15:50.50	67.0	1144890950.5	1144890950.5	0	1144890950.5	01	16	23	30	9.7	0.9	304	0.0	134.51444	+004	0.02	1.0	1144890950.55	0	29	-28	0.0	0.0	9	9	9	9	9	9	9	9	18	0	11.9	52	0.0	0	0	0	0	0	150	0	0	0	0	0	0	0	0	0	0	0	0	0	0	0	0
21:15:51.00	67.5	1144890951.0	1144890951.01	0	1144890951.01	01	16	23	63	9.7	0.9	304	0.0	134.51444	+004	0.02	1.0	1144890951.08	0	29	-28	0.0	0.0	9	9	9	9	9	9	9	9	18	0	11.9	52	0.0	0	0	0	0	0	15	1144890951.160	0		-----0	0	0	0	0	0	0	0	-14.10	0	0	CYSH, AVVON, LAFIT, FRANX, YJN, YSC, MLT, PNN, 6E, YQI, CYQI	0
21:15:51.50	68.0	1144890951.5	1144890951.51	0	1144890951.5	01	16	24	29	9.7	0.9	304	0.0	134.51444	+004	0.02	1.0	1144890951.54	0	29	-28	0.0	0.0	9	9	9	9	9	9	9	9	18	0	11.9	51	0.0	0	0	0	0	0	150	0	0	0	0	0	0	0	0	0	0	0	0	0	0	0	0
21:15:52.00	68.5	1144890952.0	1144890952.0	0	1144890952.09	01	16	24	63	9.6	0.9	304	0.0	134.51444	+004	0.02	1.0	1144890952.07	0	29	-28	0.0	0.0	9	9	9	9	9	9	9	9	18	0	11.9	51	0.0	0	0	0	0	0	15	1144890952.220	0		-----0	0	0	0	0	0	0	0	-14.10	0	0	CYSH, AVVON, LAFIT, FRANX, YJN, YSC, MLT, PNN, 6E, YQI, CYQI	0
21:15:52.50	69.0	1144890952.5	1144890952.52	0	1144890952.51	01	16	25	31	9.7	0.9	304	0.0	134.51444	+003	0.02	1.0	1144890952.51	0	29	-28	0.0	0.0	9	9	9	9	9	9	9	9	18	0	11.9	51	0.0	0	0	0	0	0	150	0	0	0	0	0	0	0	0	0	0	0	0	0	0	0	0
21:15:53.00	69.5	1144890953.0	1144890953.02	0	1144890953.01	01	16	25	63	9.6	0.9	304	0.0	134.51444	+004	0.02	1.0	1144890953.06	0	29	-28	0.0	0.0	9	9	9	9	9	9	9	9	18	0	11.9	52	0.0	0	0	0	0	0	15	1144890953.14	000	014	00371	45.2526666667	75.58183333330	0		AVVON0	0		-14.10	0	0	CYSH, AVVON, LAFIT, FRANX, YJN, YSC, MLT, PNN, 6E, YQI, CYQI	0
21:15:53.50	70.0	1144890953.5	1144890953.53	0	1144890953.51	01	16	26	29	9.7	0.9	304	0.0	131.2336	+003	0.02	1.0	1144890953.53	0	29	-28	0.0	0.0	9	9	9	9	9	9	9	9	18	0	11.9	52	0.0	0	0	0	0	0	150	0	0	0	0	0	0	0	0	0	0	0	0	0	0	0	0
21:15:54.00	70.5	1144890954.0	1144890954.01	0	1144890954.01	01	16	26	60	9.6	0.9	304	0.0	134.51444	+003	0.02	1.0	1144890954.0	0	29	-28	0.0	0.0	9	9	9	9	9	9	9	9	18	0	11.8	51	0.0	0	0	0	0	0	15	1144890954.13	000	014	00371	45.2526666667	75.5818333333	80.6	-10.76	AVVON	25.2	107.6	-14.1	452.9	1	CYSH, AVVON, LAFIT, FRANX, YJN, YSC, MLT, PNN, 6E, YQI, CYQI	0
21:15:54.50	71.0	1144890954.5	1144890954.51	0	1144890954.51	01	16	27	31	9.6	0.9	304	0.0	134.51444	+003	0.02	1.0	1144890954.57	0	29	-28	0.0	0.0	9	9	9	9	9	9	9	9	18	0	11.9	52	0.0	0	0	0	0	0	150	0	0	0	0	0	0	0	0	0	0	0	0	0	0	0	0
21:15:55.00	71.5	1144890955.0	1144890955.01	0	1144890955.01	01	16	27	63	9.6	0.9	304	0.0	134.51444	+003	0.02	1.0	1144890955.02	0	29	-28	0.0	0.0	9	9	9	9	9	9	9	9	18	0	11.9	51	0.0	0	0	0	0	0	16	1144890955.15	000	014	00371	45.2528333333	75.582	80.6	-10.77	AVVON	25.2	107.7	-14.1	452.9	1	CYSH, AVVON, LAFIT, FRANX, YJN, YSC, MLT, PNN, 6E, YQI, CYQI	0
21:15:55.50	72.0	1144890955.5	1144890955.52	0	1144890955.52	01	16	28	30	9.6	0.9	304	0.0	134.51444	+003	0.02	1.0	1144890955.56	0	29	-28	0.0	0.0	10	10	10	10	9	9	9	9	18	0	11.9	51	0.0	0	0	0	0	0	150	0	0	0	0	0	0	0	0	0	0	0	0	0	0	0	0
21:15:56.00	72.5	1144890956.0	1144890956.05	0	1144890956.05	01	16	28	58	9.6	0.9	304	0.0	134.51444	+003	0.02	1.0	1144890956.05	0	29	-28	0.0	0.0	10	10	10	10	9	9	9	9	18	0	11.9	52	0.0	0	0	0	0	0	15	1144890956.16	000	014	00371	45.2526666667	75.582	80.6	-10.77	AVVON	25.2	107.7	-14.1	452.9	1	CYSH, AVVON, LAFIT, FRANX, YJN, YSC, MLT, PNN, 6E, YQI, CYQI	0
21:15:56.50	73.0	1144890956.5	1144890956.51	0	1144890956.51	01	16	29	31	9.6	0.9	304	0.0	134.51444	+003	0.02	1.0	1144890956.54	0	29	-28	0.0	0.0	10	10	10	10	9	9	9	9	18	0	11.9	52	0.0	0	0	0	0	0	150	0	0	0	0	0	0	0	0	0	0	0	0	0	0	0	0
21:15:57.00	73.5	1144890957.0	1144890957.0	0	1144890957.01	01	16	29	63	9.6	0.9	304	0.0	134.51444	+003	0.02	1.0	1144890957.07	0	29	-28	0.0	0.0	10	10	10	10	9	9	9	9	18	0	11.9	52	0.0	0	0	0	0	0	15	1144890957.17	000	014	00371	45.2526666667	75.582	80.6	-10.77	AVVON	25.2	107.7	-14.1	452.9	1	CYSH, AVVON, LAFIT, FRANX, YJN, YSC, MLT, PNN, 6E, YQI, CYQI	0
21:15:57.50	74.0	1144890957.5	1144890957.52	0	1144890957.52	01	16	30	30	9.6	0.9	304	0.0	134.51444	+004	0.02	1.0	1144890957.53	0	29	-28	0.0	0.0	10	10	10	10	9	9	9	9	18	0	11.9	52	0.0	0	0	0	0	0	150	0	0	0	0	0	0	0	0	0	0	0	0	0	0	0	0
21:15:58.00	74.5	1144890958.0	1144890958.02	0	1144890958.02	01	16	30	61	9.6	0.9	304	0.0	131.2336	+004	0.02	1.0	1144890958.02	0	29	-28	0.0	0.0	10	10	10	10	9	9	9	9	18	0	11.9	51	0.0	0	0	0	0	0	15	1144890958.13	000	014	00371	45.2526666667	75.582	80.6	-10.77	AVVON	25.2	107.7	-14.1	452.9	1	CYSH, AVVON, LAFIT, FRANX, YJN, YSC, MLT, PNN, 6E, YQI, CYQI	0
21:15:58.50	75.0	1144890958.5	1144890958.51	0	1144890958.52	01	16	31	30	9.6	0.9	304	0.0	134.51444	+004	0.02	1.0	1144890958.51	0	29	-28	0.0	0.0	10	10	10	10	9	9	9	9	18	0	11.9	51	0.0	0	0	0	0	0	160	0	0	0	0	0	0	0	0	0	0	0	0	0	0	0	0
21:15:59.00	75.5	1144890959.0	1144890959.0	0	1144890959.01	01	16	31	63	9.6	0.9	304	0.0	131.2336	+004	0.02	1.0	1144890959.05	0	29	-28	0.0	0.0	10	10	10	10	9	9	9	9	18	0	11.9	51	0.0	0	0	0	0	0	16	1144890959.14	000	014	00371	45.2526666667	75.582	80.6	-10.77	AVVON	25.2	107.7	-14.1	452.9	1	CYSH, AVVON, LAFIT, FRANX, YJN, YSC, MLT, PNN, 6E, YQI, CYQI	0
21:15:59.50	76.0	1144890959.5	1144890959.55	0	1144890959.54	01	16	32	31	9.6	0.9	304	0.0	131.2336	+004	0.02	1.0	1144890959.58	0	29	-28	0.0	0.0	10	10	10	10	9	9	9	9	18	0	11.9	52	0.0	0	0	0	0	0	160	0	0	0	0	0	0	0	0	0	0	0	0	0	0	0	0
21:16:00.00	76.5	1144890960.0	1144890960.02	0	1144890960.02	01	16	32	61	9.6	0.9	304	0.0	134.51444	+004	0.02	1.0	1144890960.02	0	29	-28	0.0	0.0	10	10	10	10	9	9	9	9	18	0	11.9	51	0.0	0	0	0	0	0	16	1144890960.15	000	014	00371	45.2526666667	75.582	80.6	-10.77	AVVON	25.2	107.7	-14.1	452.9	1	CYSH, AVVON, LAFIT, FRANX, YJN, YSC, MLT, PNN, 6E, YQI, CYQI	0
21:16:00.50	77.0	1144890960.5	1144890960.52	0	1144890960.53	01	16	33	31	9.6	0.9	304	0.0	131.2336	+004	0.02	1.0	1144890960.55	0	29	-28	0.0	0.0	10	10	10	10	9	9	9	9	18	0	11.9	51	0.0	0	0	0	0	0	150	0	0	0	0	0	0	0	0	0	0	0	0	0	0	0	0
21:16:01.00	77.5	1144890961.0	1144890961.02	0	1144890961.01	01	16	33	63	9.6	0.9	304	0.0	131.2336	+004	0.02	1.0	1144890961.01	0	29	-28	0.0	0.0	10	10	10	10	9	9	9	9	18	0	11.9	52	0.0	0	0	0	0	0	16	1144890961.15	000	014	00371	45.2526666667	75.582	80.6	-10.77	AVVON	25.2	107.7	-14.1	452.9	1	CYSH, AVVON, LAFIT, FRANX, YJN, YSC, MLT, PNN, 6E, YQI, CYQI	0
21:16:01.50	78.0	1144890961.5	1144890961.51	0	1144890961.51	01	16	34	31	9.6	0.9	304	0.0	131.2336	+004	0.02	1.0	1144890961.55	0	29	-28	0.0	0.0	10	10	10	10	9	9	9	9	18	0	11.9	51	0.0	0	0	0	0	0	150	0	0	0	0	0	0	0	0	0	0	0	0	0	0	0	0
21:16:02.00	78.5	1144890962.0	1144890962.05	0	1144890962.08	01	16	34	63	9.6	0.9	304	0.0	131.2336	+004	0.02	1.0	1144890962.05	0	29	-28	0.0	0.0	10	10	10	10	9	9	9	9	18	0	11.9	52	0.0	0	0	0	0	0	16	1144890962.17	000	014	00371	45.2526666667	75.582	80.6	-10.77	AVVON	25.2	107.7	-14.1	452.9	1	CYSH, AVVON, LAFIT, FRANX, YJN, YSC, MLT, PNN, 6E, YQI, CYQI	0
21:16:02.50	79.0	1144890962.5	1144890962.53	0	1144890962.53	01	16	35	31	9.6	0.9	304	0.0	131.2336	+004	0.02	1.0	1144890962.53	0	29	-28	0.0	0.0	10	10	10	10	9	9	9	9	18	0	11.9	51	0.0	0	0	0	0	0	150	0	0	0	0	0	0	0	0	0	0	0	0	0	0	0	0
21:16:03.00	79.5	1144890963.0	1144890963.02	0	1144890963.01	01	16	35	63	9.6	0.9	304	0.0	134.51444	+004	0.02	1.0	1144890963.07	0	29	-28	0.0	0.0	10	10	10	10	9	9	9	9	18	0	11.9	51	0.0	0	0	0	0	0	16	1144890963.24	000	014	00371	45.2526666667	75.582	80.6	-10.77	AVVON	25.2	107.7	-14.1	452.9	1	CYSH, AVVON, LAFIT, FRANX, YJN, YSC, MLT, PNN, 6E, YQI, CYQI	0
21:16:03.50	80.0	1144890963.5	1144890963.51	0	1144890963.51	01	16	36	31	9.7	0.9	304	0.0	131.2336	+004	0.02	1.0	1144890963.5	0	29	-28	0.0	0.0	10	10	10	10	9	9	9	9	18	0	11.9	52	0.0	0	0	0	0	0	160	0	0	0	0	0	0	0	0	0	0	0	0	0	0	0	0
21:16:04.00	80.5	1144890964.0	1144890964.05	0	1144890964.08	01	16	36	63	9.7	0.9	304	0.0	134.51444	+004	0.02	1.0	1144890964.06	0	29	-28	0.0	0.0	10	10	10	10	9	9	9	9	18	0	11.9	51	0.0	0	0	0	0	0	16	1144890964.14	000	014	00371	45.2526666667	75.582	80.6	-10.77	AVVON	25.2	107.7	-14.1	452.9	1	CYSH, AVVON, LAFIT, FRANX, YJN, YSC, MLT, PNN, 6E, YQI, CYQI	0
21:16:04.50	81.0	1144890964.5	1144890964.53	0	1144890964.54	01	16	37	31	9.7	0.9	304	0.0	134.51444	+004	0.02	1.0	1144890964.58	0	29	-28	0.0	0.0	10	10	10	10	9	9	9	9	18	0	11.9	52	0.0	0	0	0	0	0	160	0	0	0	0	0	0	0	0	0	0	0	0	0	0	0	0
21:16:05.00	81.5	1144890965.0	1144890965.0	0	1144890965.01	01	16	37	63	9.7	0.9	304	0.0	134.51444	+004	0.02	1.0	1144890965.02	0	29	-28	0.0	0.0	10	10	10	10	9	9	9	9	18	0	11.9	51	0.0	0	0	0	0	0	16	1144890965.14	000	014	00371	45.2526666667	75.582	80.6	-10.77	AVVON	25.2	107.7	-14.1	452.9	1	CYSH, AVVON, LAFIT, FRANX, YJN, YSC, MLT, PNN, 6E, YQI, CYQI	0
21:16:05.50	82.0	1144890965.5	1144890965.51	0	1144890965.51	01	16	38	31	9.7	0.9	304	0.0	131.2336	+004	0.02	1.0	1144890965.56	0	29	-28	0.0	0.0	10	10	10	10	9	9	9	9	18	0	11.9	51	0.0	0	0	0	0	0	160	0	0	0	0	0	0	0	0	0	0	0	0	0	0	0	0
21:16:06.00	82.5	1144890966.0	1144890966.05	0	1144890966.05	01	16	38	58	9.7	0.9	304	0.0	134.51444	+004	0.02	1.0	1144890966.05	0	29	-28	0.0	0.0	10	10	10	10	9	9	9	9	18	0	11.9	51	0.0	0	0	0	0	0	16	1144890966.16	000	014	00371	45.2526666667	75.582	80.6	-10.77	AVVON	25.2	107.7	-14.1	452.9	1	CYSH, AVVON, LAFIT, FRANX, YJN, YSC, MLT, PNN, 6E, YQI, CYQI	0
21:16:06.50	83.0	1144890966.5	1144890966.54	0	1144890966.51	01	16	39	31	9.7	0.9	304	0.0	134.51444	+004	0.02	1.0	1144890966.55	0	29	-28	0.0	0.0	10	10	10	10	9	9	9	9	18	0	11.9	51	0.0	0	0	0	0	0	160	0	0	0	0	0	0	0	0	0	0	0	0	0	0	0	0
21:16:07.00	83.5	1144890967.0	1144890967.02	0	1144890967.01	01	16	39	63	9.7	0.9	304	0.0	131.2336	+004	0.02	1.0	1144890967.04	0	29	-28	0.0	0.0	10	10	10	10	9	9	9	9	18	0	11.9	52	0.0	0	0	0	0	0	16	1144890967.18	000	014	00371	45.2526666667	75.582	80.6	-10.77	AVVON	25.2	107.7	-14.1	452.9	1	CYSH, AVVON, LAFIT, FRANX, YJN, YSC, MLT, PNN, 6E, YQI, CYQI	0
21:16:07.50	84.0	1144890967.5	1144890967.51	0	1144890967.51	01	16	40	31	9.7	0.9	304	0.0	131.2336	+004	0.02	1.0	1144890967.57	0	29	-28	0.0	0.0	10	10	10	10	9	9	9	9	18	0	11.9	51	0.0	0	0	0	0	0	160	0	0	0	0	0	0	0	0	0	0	0	0	0	0	0	0
21:16:08.00	84.5	1144890968.0	1144890968.02	0	1144890968.03	01	16	40	61	9.7	0.9	304	0.0	134.51444	+003	0.02	1.0	1144890968.02	0	29	-28	0.0	0.0	10	10	10	10	9	9	9	9	18	0	11.9	51	0.0	0	0	0	0	0	16	1144890968.18	000	014	00371	45.2526666667	75.582	80.6	-10.77	AVVON	25.2	107.7	-14.1	452.9	1	CYSH, AVVON, LAFIT, FRANX, YJN, YSC, MLT, PNN, 6E, YQI, CYQI	0
21:16:08.50	85.0	1144890968.5	1144890968.51	0	1144890968.51	01	16	41	31	9.6	0.9	304	0.0	134.51444	+003	0.02	1.0	1144890968.56	0	29	-28	0.0	0.0	10	10	10	10	9	9	9	9	18	0	11.9	51	0.0	0	0	0	0	0	160	0	0	0	0	0	0	0	0	0	0	0	0	0	0	0	0
21:16:09.00	85.5	1144890969.0	1144890969.0	0	1144890969.01	01	16	41	63	9.6	0.9	304	0.0	131.2336	+004	0.02	1.0	1144890969.09	0	29	-28	0.0	0.0	10	10	10	10	9	9	9	9	18	0	11.9	51	0.0	0	0	0	0	0	160	0	0	0	0	0	0	0	0	0	0	0	0	0	0	0	0
21:16:09.50	86.0	1144890969.5	1144890969.5	0	1144890969.5	01	16	42	30	9.7	0.9	304	0.0	131.2336	+004	0.02	1.0	1144890969.53	0	29	-28	0.0	0.0	10	10	10	10	9	9	9	9	18	0	11.9	51	0.0	0	0	0	0	0	160	0	0	0	0	0	0	0	0	0	0	0	0	0	0	0	0
21:16:10.00	86.5	1144890970.0	1144890970.01	0	1144890970.03	01	16	42	61	9.7	0.9	304	0.0	134.51444	+003	0.02	1.0	1144890970.01	0	29	-28	0.0	0.0	10	10	10	10	9	9	9	9	18	0	11.9	51	0.0	0	0	0	0	0	16	1144890970.14	000	014	00371	45.2526666667	75.582	80.6	-10.77	AVVON	25.2	107.7	-14.1	452.9	1	CYSH, AVVON, LAFIT, FRANX, YJN, YSC, MLT, PNN, 6E, YQI, CYQI	0
21:16:10.50	87.0	1144890970.5	1144890970.5	0	1144890970.51	01	16	43	31	9.7	0.9	304	0.0	134.51444	+004	0.02	1.0	1144890970.52	0	29	-28	0.0	0.0	10	10	10	10	9	9	9	9	18	0	11.9	52	0.0	0	0	0	0	0	160	0	0	0	0	0	0	0	0	0	0	0	0	0	0	0	0
21:16:11.00	87.5	1144890971.0	1144890971.01	0	1144890971.01	01	16	43	63	9.7	0.9	304	0.0	131.2336	+004	0.02	1.0	1144890971.09	0	29	-28	0.0	0.0	10	10	10	10	9	9	9	9	18	0	11.9	51	0.0	0	0	0	0	0	16	1144890971.16	000	014	00371	45.2526666667	75.582	80.6	-10.77	AVVON	25.2	107.7	-14.1	452.9	1	CYSH, AVVON, LAFIT, FRANX, YJN, YSC, MLT, PNN, 6E, YQI, CYQI	0
21:16:11.50	88.0	1144890971.5	1144890971.57	0	1144890971.57	01	16	44	27	9.7	0.9	304	0.0	134.51444	+004	0.02	1.0	1144890971.58	0	29	-28	0.0	0.0	10	10	10	10	9	9	9	9	18	0	11.9	51	0.0	0	0	0	0	0	160	0	0	0	0	0	0	0	0	0	0	0	0	0	0	0	0
21:16:12.00	88.5	1144890972.0	1144890972.01	0	1144890972.01	01	16	44	63	9.7	0.9	304	0.0	131.2336	+004	0.02	1.0	1144890972.08	0	29	-28	0.0	0.0	10	10	10	10	9	9	9	9	18	0	11.9	51	0.0	0	0	0	0	0	16	1144890972.16	000	014	00371	45.2526666667	75.582	80.6	-10.77	AVVON	25.2	107.7	-14.1	452.9	1	CYSH, AVVON, LAFIT, FRANX, YJN, YSC, MLT, PNN, 6E, YQI, CYQI	0
21:16:12.50	89.0	1144890972.5	1144890972.52	0	1144890972.51	01	16	45	31	9.7	0.9	304	0.0	131.2336	+003	0.02	1.0	1144890972.53	0	29	-28	0.0	0.0	10	10	10	10	9	9	9	9	18	0	11.9	53	0.0	0	0	0	0	0	160	0	0	0	0	0	0	0	0	0	0	0	0	0	0	0	0
21:16:13.00	89.5	1144890973.0	1144890973.0	0	1144890973.01	01	16	45	63	9.6	0.9	304	0.0	134.51444	+004	0.02	1.0	1144890973.06	0	29	-28	0.0	0.0	10	10	10	10	9	9	9	9	18	0	11.9	53	0.0	0	0	0	0	0	16	1144890973.18	000	014	00371	45.2526666667	75.582	80.6	-10.77	AVVON	25.2	107.7	-14.1	452.9	1	CYSH, AVVON, LAFIT, FRANX, YJN, YSC, MLT, PNN, 6E, YQI, CYQI	0
21:16:13.50	90.0	1144890973.5	1144890973.51	0	1144890973.51	01	16	46	31	9.6	0.9	304	0.0	134.51444	+004	0.02	1.0	1144890973.52	0	29	-28	0.0	0.0	10	10	10	10	9	9	9	9	18	0	11.9	52	0.0	0	0	0	0	0	160	0	0	0	0	0	0	0	0	0	0	0	0	0	0	0	0
21:16:14.00	90.5	1144890974.0	1144890974.07	0	1144890974.0	01	16	46	62	9.7	0.9	304	0.0	131.2336	+004	0.02	1.0	1144890974.07	0	29	-28	0.0	0.0	10	10	10	10	9	9	9	9	18	0	11.9	52	0.0	0	0	0	0	0	16	1144890974.18	000	014	00371	45.2526666667	75.582	80.6	-10.77	AVVON	25.2	107.7	-14.1	452.9	1	CYSH, AVVON, LAFIT, FRANX, YJN, YSC, MLT, PNN, 6E, YQI, CYQI	0
21:16:14.50	91.0	1144890974.5	1144890974.51	0	1144890974.51	01	16	47	31	9.7	0.9	304	0.0	131.2336	+003	0.02	1.0	1144890974.58	0	29	-28	0.0	0.0	10	10	10	10	9	9	9	9	18	0	11.9	52	0.0	0	0	0	0	0	160	0	0	0	0	0	0	0	0	0	0	0	0	0	0	0	0
21:16:15.00	91.5	1144890975.0	1144890975.02	0	1144890975.02	01	16	47	63	9.7	0.9	304	0.0	134.51444	+003	0.02	1.0	1144890975.02	0	29	-28	0.0	0.0	10	10	10	10	9	9	9	9	18	0	11.9	52	0.0	0	0	0	0	0	16	1144890975.15	000	014	00371	45.2526666667	75.582	80.6	-10.77	AVVON	25.2	107.7	-14.1	452.9	1	CYSH, AVVON, LAFIT, FRANX, YJN, YSC, MLT, PNN, 6E, YQI, CYQI	0
21:16:15.50	92.0	1144890975.5	1144890975.52	0	1144890975.51	01	16	48	31	9.7	0.9	304	0.0	134.51444	+003	0.02	1.0	1144890975.56	0	29	-28	0.0	0.0	10	10	10	10	9	9	9	9	18	0	11.9	52	0.0	0	0	0	0	0	160	0	0	0	0	0	0	0	0	0	0	0	0	0	0	0	0
21:16:16.00	92.5	1144890976.0	1144890976.05	0	1144890976.09	01	16	48	63	9.7	0.9	304	0.0	134.51444	+003	0.02	1.0	1144890976.05	0	29	-28	0.0	0.0	10	10	10	10	9	9	9	9	18	0	11.9	52	0.0	0	0	0	0	0	16	1144890976.16	000	014	00371	45.2526666667	75.582	80.6	-10.77	AVVON	25.2	107.7	-14.1	452.9	1	CYSH, AVVON, LAFIT, FRANX, YJN, YSC, MLT, PNN, 6E, YQI, CYQI	0
21:16:16.50	93.0	1144890976.5	1144890976.5	0	1144890976.51	01	16	49	31	9.7	0.9	304	0.0	131.2336	+003	0.02	1.0	1144890976.54	0	29	-28	0.0	0.0	10	10	10	10	9	9	9	9	18	0	11.9	52	0.0	0	0	0	0	0	160	0	0	0	0	0	0	0	0	0	0	0	0	0	0	0	0
21:16:17.00	93.5	1144890977.0	1144890977.01	0	1144890977.01	01	16	49	63	9.7	0.9	304	0.0	134.51444	+003	0.02	1.0	1144890977.0	0	29	-28	0.0	0.0	10	10	10	10	9	9	9	9	18	0	11.9	51	0.0	0	0	0	0	0	16	1144890977.17	000	014	00371	45.2526666667	75.582	80.6	-10.77	AVVON	25.2	107.7	-14.1	452.9	1	CYSH, AVVON, LAFIT, FRANX, YJN, YSC, MLT, PNN, 6E, YQI, CYQI	0
21:16:17.50	94.0	1144890977.5	1144890977.51	0	1144890977.51	01	16	50	31	9.7	0.9	304	0.0	134.51444	+003	0.02	1.0	1144890977.53	0	29	-28	0.0	0.0	10	10	10	10	9	9	9	9	18	0	11.9	51	0.0	0	0	0	0	0	160	0	0	0	0	0	0	0	0	0	0	0	0	0	0	0	0
21:16:18.00	94.5	1144890978.0	1144890978.0	0	1144890978.01	01	16	50	63	9.7	0.9	304	0.0	134.51444	+003	0.02	1.0	1144890978.07	0	29	-28	0.0	0.0	10	10	10	10	9	9	9	9	18	0	11.9	51	0.0	0	0	0	0	0	16	1144890978.17	000	014	00371	45.2526666667	75.582	80.6	-10.77	AVVON	25.2	107.7	-14.1	452.9	1	CYSH, AVVON, LAFIT, FRANX, YJN, YSC, MLT, PNN, 6E, YQI, CYQI	0
21:16:18.50	95.0	1144890978.5	1144890978.51	0	1144890978.51	01	16	51	31	9.7	0.9	304	0.0	134.51444	+003	0.02	1.0	1144890978.52	0	29	-28	0.0	0.0	10	10	10	10	9	9	9	9	18	0	11.9	52	0.0	0	0	0	0	0	160	0	0	0	0	0	0	0	0	0	0	0	0	0	0	0	0
21:16:19.00	95.5	1144890979.0	1144890979.01	0	1144890979.01	01	16	51	63	9.7	0.9	304	0.0	131.2336	+004	0.02	1.0	1144890979.05	0	29	-28	0.0	0.0	10	10	10	10	9	9	9	9	18	0	11.9	51	0.0	0	0	0	0	0	16	1144890979.19	000	014	00371	45.2526666667	75.582	80.6	-10.77	AVVON	25.2	107.7	-14.1	452.9	1	CYSH, AVVON, LAFIT, FRANX, YJN, YSC, MLT, PNN, 6E, YQI, CYQI	0
21:16:19.50	96.0	1144890979.5	1144890979.51	0	1144890979.51	01	16	52	31	9.7	0.9	304	0.0	134.51444	+003	0.02	1.0	1144890979.59	0	29	-28	0.0	0.0	10	10	10	10	9	9	9	9	18	0	11.9	51	0.0	0	0	0	0	0	160	0	0	0	0	0	0	0	0	0	0	0	0	0	0	0	0
21:16:20.00	96.5	1144890980.0	1144890980.05	0	1144890980.08	01	16	52	63	9.7	1.0	304	0.0	134.51444	+003	0.02	1.0	1144890980.05	0	29	-28	0.0	0.0	10	10	10	10	9	9	9	9	18	0	11.9	51	0.0	0	0	0	0	0	160	0	0	0	0	0	0	0	0	0	0	0	0	0	0	0	0
21:16:20.50	97.0	1144890980.5	1144890980.51	0	1144890980.51	01	16	53	31	9.8	1.0	304	0.0	134.51444	+003	0.02	1.0	1144890980.55	0	29	-28	0.0	0.0	10	10	10	10	9	9	9	9	18	0	11.9	51	0.0	0	0	0	0	0	160	0	0	0	0	0	0	0	0	0	0	0	0	0	0	0	0
21:16:21.00	97.5	1144890981.0	1144890981.02	0	1144890981.01	01	16	53	63	9.8	1.0	304	0.0	131.2336	+003	0.02	1.0	1144890981.01	0	29	-28	0.0	0.0	10	10	10	10	9	9	9	9	18	0	11.9	52	0.0	0	0	0	0	0	16	1144890981.15	000	014	00371	45.2526666667	75.582	80.6	-10.77	AVVON	25.2	107.7	-14.1	452.9	1	CYSH, AVVON, LAFIT, FRANX, YJN, YSC, MLT, PNN, 6E, YQI, CYQI	0
21:16:21.50	98.0	1144890981.5	1144890981.51	0	1144890981.51	01	16	54	31	9.8	1.0	304	0.0	131.2336	+003	0.02	1.0	1144890981.54	0	29	-28	0.0	0.0	10	10	10	10	9	9	9	9	18	0	11.9	51	0.0	0	0	0	0	0	160	0	0	0	0	0	0	0	0	0	0	0	0	0	0	0	0
21:16:22.00	98.5	1144890982.0	1144890982.01	0	1144890982.05	01	16	54	58	9.8	1.0	304	0.0	134.51444	+003	0.02	1.0	1144890982.01	0	29	-28	0.0	0.0	10	10	10	10	9	9	9	9	18	0	11.9	51	0.0	0	0	0	0	0	16	1144890982.17	000	014	00371	45.2526666667	75.582	80.6	-10.77	AVVON	25.2	107.7	-14.1	452.9	1	CYSH, AVVON, LAFIT, FRANX, YJN, YSC, MLT, PNN, 6E, YQI, CYQI	0
21:16:22.50	99.0	1144890982.5	1144890982.5	0	1144890982.51	01	16	55	31	9.8	1.0	304	0.0	131.2336	+003	0.02	1.0	1144890982.53	0	29	-28	0.0	0.0	10	10	10	10	9	9	9	9	18	0	11.9	52	0.0	0	0	0	0	0	160	0	0	0	0	0	0	0	0	0	0	0	0	0	0	0	0
21:16:23.00	99.5	1144890983.0	1144890983.02	0	1144890983.01	01	16	55	63	9.8	1.1	304	0.0	134.51444	+003	0.02	1.0	1144890983.06	0	29	-28	0.0	0.0	10	10	10	10	9	9	9	9	18	0	11.9	51	0.0	0	0	0	0	0	16	1144890983.17	000	014	00371	45.2526666667	75.582	80.6	-10.77	AVVON	25.2	107.7	-14.1	452.9	1	CYSH, AVVON, LAFIT, FRANX, YJN, YSC, MLT, PNN, 6E, YQI, CYQI	0
21:16:23.50	100.0	1144890983.5	1144890983.52	0	1144890983.51	01	16	56	31	9.8	1.1	304	0.0	131.2336	+003	0.02	1.0	1144890983.51	0	29	-28	0.0	0.0	10	10	10	10	9	9	9	9	18	0	11.9	52	0.0	0	0	0	0	0	160	0	0	0	0	0	0	0	0	0	0	0	0	0	0	0	0
21:16:24.00	100.5	1144890984.0	1144890984.02	0	1144890984.01	01	16	56	63	9.8	1.1	304	0.0	131.2336	+003	0.02	1.0	1144890984.04	0	29	-28	0.0	0.0	10	10	10	10	9	9	9	9	18	0	11.9	51	0.0	0	0	0	0	0	16	1144890984.19	000	014	00371	45.2526666667	75.582	80.6	-10.77	AVVON	25.2	107.7	-14.1	452.9	1	CYSH, AVVON, LAFIT, FRANX, YJN, YSC, MLT, PNN, 6E, YQI, CYQI	0
21:16:24.50	101.0	1144890984.5	1144890984.51	0	1144890984.51	01	16	57	31	9.8	1.1	304	0.0	134.51444	+003	0.02	1.0	1144890984.59	0	29	-28	0.0	0.0	10	10	10	10	9	9	9	9	18	0	11.9	51	0.0	0	0	0	0	0	160	0	0	0	0	0	0	0	0	0	0	0	0	0	0	0	0
21:16:25.00	101.5	1144890985.0	1144890985.02	0	1144890985.01	01	16	57	63	9.8	1.1	304	0.0	134.51444	+003	0.02	1.0	1144890985.02	0	29	-28	0.0	0.0	10	10	10	10	9	9	9	9	18	0	11.9	52	0.0	0	0	0	0	0	16	1144890985.2	000	014	00371	45.2526666667	75.582	80.6	-10.77	AVVON	25.2	107.7	-14.1	452.9	1	CYSH, AVVON, LAFIT, FRANX, YJN, YSC, MLT, PNN, 6E, YQI, CYQI	0
21:16:25.50	102.0	1144890985.5	1144890985.51	0	1144890985.51	01	16	58	30	9.8	1.0	304	0.0	131.2336	+003	0.02	1.0	1144890985.51	0	29	-28	0.0	0.0	10	10	10	10	9	9	9	9	18	0	11.9	52	0.0	0	0	0	0	0	160	0	0	0	0	0	0	0	0	0	0	0	0	0	0	0	0
21:16:26.00	102.5	1144890986.0	1144890986.02	0	1144890986.01	01	16	58	63	9.8	1.1	304	0.0	131.2336	+003	0.02	1.0	1144890986.01	0	29	-28	0.0	0.0	10	10	10	10	9	9	9	9	18	0	11.9	51	0.0	0	0	0	0	0	16	1144890986.16	000	014	00371	45.2526666667	75.582	80.6	-10.77	AVVON	25.2	107.7	-14.1	452.9	1	CYSH, AVVON, LAFIT, FRANX, YJN, YSC, MLT, PNN, 6E, YQI, CYQI	0
21:16:26.50	103.0	1144890986.5	1144890986.51	0	1144890986.51	01	16	59	31	9.8	1.1	304	0.0	131.2336	+003	0.02	1.0	1144890986.54	0	29	-28	0.0	0.0	10	10	10	10	9	9	9	9	18	0	11.9	52	0.0	0	0	0	0	0	160	0	0	0	0	0	0	0	0	0	0	0	0	0	0	0	0
21:16:27.00	103.5	1144890987.0	1144890987.01	0	1144890987.01	01	16	59	63	9.8	1.1	304	0.0	131.2336	+003	0.02	1.0	1144890987.07	0	29	-28	0.0	0.0	10	10	10	10	9	9	9	9	18	0	11.9	51	0.0	0	0	0	0	0	16	1144890987.16	000	014	00371	45.2526666667	75.582	80.6	-10.77	AVVON	25.2	107.7	-14.1	452.9	1	CYSH, AVVON, LAFIT, FRANX, YJN, YSC, MLT, PNN, 6E, YQI, CYQI	0
21:16:27.50	104.0	1144890987.5	1144890987.51	0	1144890987.51	01	17	00	31	9.7	1.1	304	0.0	131.2336	+003	0.02	1.0	1144890987.54	0	29	-28	0.0	0.0	10	10	10	10	9	9	9	9	18	0	11.9	52	0.0	0	0	0	0	0	160	0	0	0	0	0	0	0	0	0	0	0	0	0	0	0	0
21:16:28.00	104.5	1144890988.0	1144890988.01	0	1144890988.01	01	17	00	63	9.7	1.0	304	0.0	131.2336	+004	0.02	1.0	1144890988.07	0	29	-28	0.0	0.0	10	10	10	10	9	9	9	9	18	0	11.9	51	0.0	0	0	0	0	0	16	1144890988.18	000	014	00371	45.2526666667	75.582	80.6	-10.77	AVVON	25.2	107.7	-14.1	452.9	1	CYSH, AVVON, LAFIT, FRANX, YJN, YSC, MLT, PNN, 6E, YQI, CYQI	0
21:16:28.50	105.0	1144890988.5	1144890988.5	0	1144890988.51	01	17	01	31	9.7	1.0	304	0.0	131.2336	+003	0.02	1.0	1144890988.51	0	29	-28	0.0	0.0	10	10	10	10	9	9	9	9	18	0	11.9	52	0.0	0	0	0	0	0	160	0	0	0	0	0	0	0	0	0	0	0	0	0	0	0	0
21:16:29.00	105.5	1144890989.0	1144890989.0	0	1144890989.01	01	17	01	63	9.7	1.0	304	0.0	131.2336	+003	0.02	1.0	1144890989.05	0	29	-28	0.0	0.0	10	10	10	10	9	9	9	9	18	0	11.9	51	0.0	0	0	0	0	0	16	1144890989.18	000	014	00371	45.2526666667	75.582	80.6	-10.77	AVVON	25.2	107.7	-14.1	452.9	1	CYSH, AVVON, LAFIT, FRANX, YJN, YSC, MLT, PNN, 6E, YQI, CYQI	0
21:16:29.50	106.0	1144890989.5	1144890989.52	0	1144890989.51	01	17	02	31	9.8	1.1	304	0.0	131.2336	+004	0.02	1.0	1144890989.59	0	29	-28	0.0	0.0	10	10	10	10	9	9	9	9	18	0	11.9	51	0.0	0	0	0	0	0	160	0	0	0	0	0	0	0	0	0	0	0	0	0	0	0	0
21:16:30.00	106.5	1144890990.0	1144890990.0	0	1144890990.01	01	17	02	63	9.8	1.0	304	0.0	131.2336	+003	0.02	1.0	1144890990.02	0	29	-28	0.0	0.0	10	10	10	10	9	9	9	9	18	0	11.9	52	0.0	0	0	0	0	0	16	1144890990.2	000	014	00371	45.2526666667	75.582	80.6	-10.77	AVVON	25.2	107.7	-14.1	452.9	1	CYSH, AVVON, LAFIT, FRANX, YJN, YSC, MLT, PNN, 6E, YQI, CYQI	0
21:16:30.50	107.0	1144890990.5	1144890990.5	0	1144890990.51	01	17	03	31	9.8	1.0	304	0.0	131.2336	+004	0.02	1.0	1144890990.57	0	29	-28	0.0	0.0	10	10	10	10	9	9	9	9	18	0	11.9	51	0.0	0	0	0	0	0	160	0	0	0	0	0	0	0	0	0	0	0	0	0	0	0	0
21:16:31.00	107.5	1144890991.0	1144890991.01	0	1144890991.01	01	17	03	63	9.8	1.1	304	0.0	131.2336	+004	0.02	1.0	1144890991.01	0	29	-28	0.0	0.0	10	10	10	10	9	9	9	9	18	0	11.9	52	0.0	0	0	0	0	0	16	1144890991.27	000	014	00371	45.2526666667	75.582	80.6	-10.77	AVVON	25.2	107.7	-14.1	452.9	1	CYSH, AVVON, LAFIT, FRANX, YJN, YSC, MLT, PNN, 6E, YQI, CYQI	0
21:16:31.50	108.0	1144890991.5	1144890991.51	0	1144890991.51	01	17	04	31	9.8	1.1	304	0.0	127.95276	+004	0.02	1.0	1144890991.55	0	29	-28	0.0	0.0	10	10	10	10	9	9	9	9	18	0	11.9	52	0.0	0	0	0	0	0	160	0	0	0	0	0	0	0	0	0	0	0	0	0	0	0	0
21:16:32.00	108.5	1144890992.0	1144890992.01	0	1144890992.01	01	17	04	63	9.8	1.0	304	0.0	127.95276	+003	0.02	1.0	1144890992.08	0	29	-28	0.0	0.0	10	10	10	10	9	9	9	9	18	0	11.9	51	0.0	0	0	0	0	0	16	1144890992.16	000	014	00371	45.2526666667	75.582	80.6	-10.77	AVVON	25.2	107.7	-14.1	452.9	1	CYSH, AVVON, LAFIT, FRANX, YJN, YSC, MLT, PNN, 6E, YQI, CYQI	0
21:16:32.50	109.0	1144890992.5	1144890992.51	0	1144890992.51	01	17	05	31	9.8	1.0	304	0.0	127.95276	+003	0.02	1.0	1144890992.54	0	29	-28	0.0	0.0	10	10	10	10	9	9	9	9	18	0	11.9	52	0.0	0	0	0	0	0	160	0	0	0	0	0	0	0	0	0	0	0	0	0	0	0	0
21:16:33.00	109.5	1144890993.0	1144890993.0	0	1144890993.01	01	17	05	63	9.8	1.1	304	0.0	127.95276	+003	0.02	1.0	1144890993.06	0	29	-28	0.0	0.0	10	10	10	10	9	9	9	9	18	0	12.0	51	0.0	0	0	0	0	0	16	1144890993.18	000	014	00371	45.2526666667	75.582	80.6	-10.77	AVVON	25.2	107.7	-14.1	452.9	1	CYSH, AVVON, LAFIT, FRANX, YJN, YSC, MLT, PNN, 6E, YQI, CYQI	0
21:16:33.50	110.0	1144890993.5	1144890993.51	0	1144890993.51	01	17	06	31	9.8	1.1	304	0.0	127.95276	+003	0.02	1.0	1144890993.51	0	29	-28	0.0	0.0	10	10	10	10	9	9	9	9	18	0	12.0	52	0.0	0	0	0	0	0	160	0	0	0	0	0	0	0	0	0	0	0	0	0	0	0	0
21:16:34.00	110.5	1144890994.0	1144890994.0	0	1144890994.02	01	17	06	61	9.8	1.0	304	0.0	127.95276	+003	0.02	1.0	1144890994.07	0	29	-28	0.0	0.0	10	10	10	10	9	9	9	9	18	0	12.0	51	0.0	0	0	0	0	0	16	1144890994.18	000	014	00371	45.2526666667	75.582	80.6	-10.77	AVVON	25.2	107.7	-14.1	452.9	1	CYSH, AVVON, LAFIT, FRANX, YJN, YSC, MLT, PNN, 6E, YQI, CYQI	0
21:16:34.50	111.0	1144890994.5	1144890994.51	0	1144890994.51	01	17	07	31	9.8	1.0	304	0.0	127.95276	+003	0.02	1.0	1144890994.59	0	29	-28	0.0	0.0	10	10	10	10	9	9	9	9	18	0	12.0	51	0.0	0	0	0	0	0	160	0	0	0	0	0	0	0	0	0	0	0	0	0	0	0	0
21:16:35.00	111.5	1144890995.0	1144890995.01	0	1144890995.01	01	17	07	63	9.8	1.0	304	0.0	127.95276	+003	0.02	1.0	1144890995.02	0	29	-28	0.0	0.0	10	10	10	10	9	9	9	9	18	0	11.9	52	0.0	0	0	0	0	0	16	1144890995.2	000	014	00371	45.2526666667	75.582	80.6	-10.77	AVVON	25.2	107.7	-14.1	452.9	1	CYSH, AVVON, LAFIT, FRANX, YJN, YSC, MLT, PNN, 6E, YQI, CYQI	0
21:16:35.50	112.0	1144890995.5	1144890995.52	0	1144890995.51	01	17	08	31	9.8	1.0	304	0.0	127.95276	+003	0.02	1.0	1144890995.56	0	29	-28	0.0	0.0	10	10	10	10	9	9	9	9	18	0	11.9	52	0.0	0	0	0	0	0	160	0	0	0	0	0	0	0	0	0	0	0	0	0	0	0	0
21:16:36.00	112.5	1144890996.0	1144890996.04	0	1144890996.04	01	17	08	58	9.8	1.0	304	0.0	127.95276	+003	0.02	1.0	1144890996.04	0	29	-28	0.0	0.0	10	10	10	10	9	9	9	9	18	0	11.9	51	0.0	0	0	0	0	0	16	1144890996.2	000	014	00371	45.2526666667	75.582	80.6	-10.77	AVVON	25.2	107.7	-14.1	452.9	1	CYSH, AVVON, LAFIT, FRANX, YJN, YSC, MLT, PNN, 6E, YQI, CYQI	0
21:16:36.50	113.0	1144890996.5	1144890996.51	0	1144890996.51	01	17	09	31	9.8	1.0	304	0.0	127.95276	+004	0.02	1.0	1144890996.55	0	29	-28	0.0	0.0	10	10	10	10	9	9	9	9	18	0	11.9	52	0.0	0	0	0	0	0	160	0	0	0	0	0	0	0	0	0	0	0	0	0	0	0	0
21:16:37.00	113.5	1144890997.0	1144890997.02	0	1144890997.01	01	17	09	63	9.8	1.0	304	0.0	127.95276	+003	0.02	1.0	1144890997.0	0	29	-28	0.0	0.0	10	10	10	10	9	9	9	9	18	0	11.9	52	0.0	0	0	0	0	0	16	1144890997.17	000	014	00371	45.2526666667	75.582	80.6	-10.77	AVVON	25.2	107.7	-14.1	452.9	1	CYSH, AVVON, LAFIT, FRANX, YJN, YSC, MLT, PNN, 6E, YQI, CYQI	0
21:16:37.50	114.0	1144890997.5	1144890997.51	0	1144890997.51	01	17	10	31	9.8	1.0	304	0.0	127.95276	+003	0.02	1.0	1144890997.54	0	29	-28	0.0	0.0	10	10	10	10	9	9	9	9	18	0	11.9	52	0.0	0	0	0	0	0	160	0	0	0	0	0	0	0	0	0	0	0	0	0	0	0	0
21:16:38.00	114.5	1144890998.0	1144890998.05	0	1144890998.08	01	17	10	63	9.8	1.0	304	0.0	127.95276	+003	0.02	1.0	1144890998.06	0	29	-28	0.0	0.0	10	10	10	10	9	9	9	9	18	0	11.9	51	0.0	0	0	0	0	0	16	1144890998.17	000	014	00371	45.2526666667	75.582	80.6	-10.77	AVVON	25.2	107.7	-14.1	452.9	1	CYSH, AVVON, LAFIT, FRANX, YJN, YSC, MLT, PNN, 6E, YQI, CYQI	0
21:16:38.50	115.0	1144890998.5	1144890998.51	0	1144890998.51	01	17	11	31	9.8	1.0	305	0.0	127.95276	+003	0.02	1.0	1144890998.52	0	29	-28	0.0	0.0	10	10	10	10	9	9	9	9	18	0	11.9	52	0.0	0	0	0	0	0	160	0	0	0	0	0	0	0	0	0	0	0	0	0	0	0	0
21:16:39.00	115.5	1144890999.0	1144890999.0	0	1144890999.01	01	17	11	63	9.8	1.0	305	0.0	127.95276	+003	0.02	1.0	1144890999.06	0	29	-28	0.0	0.0	10	10	10	10	9	9	9	9	18	0	11.9	52	0.0	0	0	0	0	0	16	1144890999.19	000	014	00371	45.2526666667	75.582	80.6	-10.77	AVVON	25.2	107.7	-14.1	452.9	1	CYSH, AVVON, LAFIT, FRANX, YJN, YSC, MLT, PNN, 6E, YQI, CYQI	0
21:16:39.50	116.0	1144890999.5	1144890999.51	0	1144890999.51	01	17	12	31	9.8	1.0	305	0.0	127.95276	+003	0.02	1.0	1144890999.59	0	29	-28	0.0	0.0	10	10	10	10	9	9	9	9	18	0	11.9	51	0.0	0	0	0	0	0	160	0	0	0	0	0	0	0	0	0	0	0	0	0	0	0	0
21:16:40.00	116.5	1144891000.0	1144891000.01	0	1144891000.01	01	17	12	63	9.8	1.0	305	0.0	127.95276	+003	0.02	1.0	1144891000.06	0	29	-28	0.0	0.0	10	10	10	10	9	9	9	9	18	0	11.9	51	0.0	0	0	0	0	0	16	1144891000.19	000	014	00371	45.2526666667	75.582	80.6	-10.77	AVVON	25.2	107.7	-14.1	452.9	1	CYSH, AVVON, LAFIT, FRANX, YJN, YSC, MLT, PNN, 6E, YQI, CYQI	0
21:16:40.50	117.0	1144891000.5	1144891000.51	0	1144891000.51	01	17	13	31	9.8	1.0	305	0.0	127.95276	+003	0.02	1.0	1144891000.58	0	29	-28	0.0	0.0	10	10	10	10	9	9	9	9	18	0	11.9	52	0.0	0	0	0	0	0	160	0	0	0	0	0	0	0	0	0	0	0	0	0	0	0	0
21:16:41.00	117.5	1144891001.0	1144891001.01	0	1144891001.01	01	17	13	63	9.8	1.0	305	0.0	127.95276	+003	0.02	1.0	1144891001.03	0	29	-28	0.0	0.0	10	10	10	10	9	9	9	9	18	0	11.9	52	0.0	0	0	0	0	0	16	1144891001.21	000	014	00371	45.2526666667	75.582	80.6	-10.77	AVVON	25.2	107.7	-14.1	452.9	1	CYSH, AVVON, LAFIT, FRANX, YJN, YSC, MLT, PNN, 6E, YQI, CYQI	0
21:16:41.50	118.0	1144891001.5	1144891001.52	0	1144891001.51	01	17	14	31	9.8	1.0	305	0.0	127.95276	+003	0.02	1.0	1144891001.59	0	29	-28	0.0	0.0	10	10	10	10	9	9	9	9	18	0	11.9	52	0.0	0	0	0	0	0	160	0	0	0	0	0	0	0	0	0	0	0	0	0	0	0	0
21:16:42.00	118.5	1144891002.0	1144891002.03	0	1144891002.06	01	17	14	58	9.8	1.0	305	0.0	127.95276	+003	0.02	1.0	1144891002.04	0	29	-28	0.0	0.0	10	10	10	10	9	9	9	9	18	0	11.9	52	0.0	0	0	0	0	0	16	1144891002.28	000	014	00371	45.2526666667	75.582	80.6	-10.77	AVVON	25.2	107.7	-14.1	452.9	1	CYSH, AVVON, LAFIT, FRANX, YJN, YSC, MLT, PNN, 6E, YQI, CYQI	0
21:16:42.50	119.0	1144891002.5	1144891002.5	0	1144891002.51	01	17	15	31	9.8	1.0	305	0.0	127.95276	+003	0.02	1.0	1144891002.53	0	29	-28	0.0	0.0	10	10	10	10	9	9	9	9	18	0	11.9	52	0.0	0	0	0	0	0	160	0	0	0	0	0	0	0	0	0	0	0	0	0	0	0	0
21:16:43.00	119.5	1144891003.0	1144891003.01	0	1144891003.01	01	17	15	63	9.8	1.0	305	0.0	127.95276	+003	0.02	1.0	1144891003.08	0	29	-28	0.0	0.0	10	10	10	10	9	9	9	9	18	0	11.9	51	0.0	0	0	0	0	0	16	1144891003.18	000	014	00371	45.2526666667	75.582	80.6	-10.77	AVVON	25.2	107.7	-14.1	452.9	1	CYSH, AVVON, LAFIT, FRANX, YJN, YSC, MLT, PNN, 6E, YQI, CYQI	0
21:16:43.50	120.0	1144891003.5	1144891003.52	0	1144891003.5	01	17	16	30	9.8	1.0	305	0.0	127.95276	+003	0.02	1.0	1144891003.53	0	29	-28	0.0	0.0	10	10	10	10	9	9	9	9	18	0	11.9	52	0.0	0	0	0	0	0	160	0	0	0	0	0	0	0	0	0	0	0	0	0	0	0	0
21:16:44.00	120.5	1144891004.0	1144891004.03	0	1144891004.01	01	17	16	62	9.8	1.0	305	0.0	127.95276	+003	0.02	1.0	1144891004.08	0	29	-28	0.0	0.0	10	10	10	10	9	9	9	9	18	0	11.9	52	0.0	0	0	0	0	0	16	1144891004.18	000	014	00361	45.2526666667	75.582	80.6	-10.77	AVVON	25.2	107.7	-14.1	452.9	1	CYSH, AVVON, LAFIT, FRANX, YJN, YSC, MLT, PNN, 6E, YQI, CYQI	0
21:16:44.50	121.0	1144891004.5	1144891004.53	0	1144891004.53	01	17	17	30	9.8	1.0	305	0.0	127.95276	+003	0.02	1.0	1144891004.52	0	29	-28	0.0	0.0	10	10	10	10	9	9	9	9	18	0	11.9	52	0.0	0	0	0	0	0	160	0	0	0	0	0	0	0	0	0	0	0	0	0	0	0	0
21:16:45.00	121.5	1144891005.0	1144891005.0	0	1144891005.01	01	17	17	63	9.8	1.0	305	0.0	127.95276	+003	0.02	1.0	1144891005.05	0	29	-28	0.0	0.0	10	10	10	10	9	9	9	9	18	0	11.9	51	0.0	0	0	0	0	0	16	1144891005.2	000	014	00361	45.2526666667	75.582	80.6	-10.77	AVVON	25.2	107.7	-14.1	452.9	1	CYSH, AVVON, LAFIT, FRANX, YJN, YSC, MLT, PNN, 6E, YQI, CYQI	0
21:16:45.50	122.0	1144891005.5	1144891005.52	0	1144891005.51	01	17	18	31	9.9	1.0	305	0.0	127.95276	+003	0.02	1.0	1144891005.5	0	29	-28	0.0	0.0	10	10	10	10	9	9	9	9	18	0	11.9	51	0.0	0	0	0	0	0	160	0	0	0	0	0	0	0	0	0	0	0	0	0	0	0	0
21:16:46.00	122.5	1144891006.0	1144891006.01	0	1144891006.06	01	17	18	58	9.8	1.0	305	0.0	127.95276	+003	0.02	1.0	1144891006.03	0	29	-28	0.0	0.0	10	10	10	10	9	9	9	9	18	0	11.9	51	0.0	0	0	0	0	0	16	1144891006.21	000	014	00362	45.2528333333	75.582	80.6	-10.77	AVVON	25.2	107.7	-14.1	452.9	1	CYSH, AVVON, LAFIT, FRANX, YJN, YSC, MLT, PNN, 6E, YQI, CYQI	0
21:16:46.50	123.0	1144891006.5	1144891006.51	0	1144891006.51	01	17	19	31	9.8	1.0	306	0.0	127.95276	+003	0.02	1.0	1144891006.57	0	29	-28	0.0	0.0	10	10	10	10	9	9	9	9	18	0	11.9	51	0.0	0	0	0	0	0	160	0	0	0	0	0	0	0	0	0	0	0	0	0	0	0	0
21:16:47.00	123.5	1144891007.0	1144891007.01	0	1144891007.01	01	17	19	63	9.8	1.0	305	0.0	127.95276	+003	0.02	1.0	1144891007.02	0	29	-28	0.0	0.0	10	10	10	10	9	9	9	9	18	0	11.9	52	0.0	0	0	0	0	0	16	1144891007.22	000	014	00363	45.2528333333	75.582	80.6	-10.77	AVVON	25.2	107.7	-14.1	452.9	1	CYSH, AVVON, LAFIT, FRANX, YJN, YSC, MLT, PNN, 6E, YQI, CYQI	0
21:16:47.50	124.0	1144891007.5	1144891007.51	0	1144891007.51	01	17	20	31	9.8	1.0	305	0.0	127.95276	+003	0.02	1.0	1144891007.55	0	29	-28	0.0	0.0	10	10	10	10	9	9	9	9	18	0	11.9	51	0.0	0	0	0	0	0	160	0	0	0	0	0	0	0	0	0	0	0	0	0	0	0	0
21:16:48.00	124.5	1144891008.0	1144891008.01	0	1144891008.01	01	17	20	60	9.8	1.0	305	0.0	127.95276	+003	0.02	1.0	1144891008.04	0	29	-28	0.0	0.0	10	10	10	10	9	9	9	9	18	0	11.9	51	0.0	0	0	0	0	0	16	1144891008.18	000	014	00364	45.2528333333	75.582	80.6	-10.77	AVVON	25.2	107.7	-14.1	452.9	1	CYSH, AVVON, LAFIT, FRANX, YJN, YSC, MLT, PNN, 6E, YQI, CYQI	0
21:16:48.50	125.0	1144891008.5	1144891008.52	0	1144891008.51	01	17	21	31	9.8	1.0	305	0.0	127.95276	+003	0.02	1.0	1144891008.58	0	29	-28	0.0	0.0	10	10	10	10	9	9	9	9	18	0	11.9	51	0.0	0	0	0	0	0	160	0	0	0	0	0	0	0	0	0	0	0	0	0	0	0	0
21:16:49.00	125.5	1144891009.0	1144891009.01	0	1144891009.01	01	17	21	63	9.8	1.0	305	0.0	127.95276	+003	0.02	1.0	1144891009.02	0	29	-28	0.0	0.0	10	10	10	10	9	9	9	9	18	0	11.9	51	0.0	0	0	0	0	0	16	1144891009.18	000	014	00365	45.2528333333	75.582	80.6	-10.77	AVVON	25.2	107.7	-14.1	452.9	1	CYSH, AVVON, LAFIT, FRANX, YJN, YSC, MLT, PNN, 6E, YQI, CYQI	0
21:16:49.50	126.0	1144891009.5	1144891009.51	0	1144891009.51	01	17	22	31	9.8	1.0	305	0.0	127.95276	+003	0.02	1.0	1144891009.55	0	29	-28	0.0	0.0	10	10	10	10	9	9	9	9	18	0	11.9	51	0.0	0	0	0	0	0	160	0	0	0	0	0	0	0	0	0	0	0	0	0	0	0	0
21:16:50.00	126.5	1144891010.0	1144891010.01	0	1144891010.0	01	17	22	57	9.8	1.0	305	0.0	127.95276	+003	0.02	1.0	1144891010.0	0	29	-28	0.0	0.0	10	10	10	10	9	9	9	9	18	0	11.9	52	0.0	0	0	0	0	0	16	1144891010.2	000	014	00366	45.2528333333	75.582	80.6	-10.77	AVVON	25.2	107.7	-14.1	452.9	1	CYSH, AVVON, LAFIT, FRANX, YJN, YSC, MLT, PNN, 6E, YQI, CYQI	0
21:16:50.50	127.0	1144891010.5	1144891010.52	0	1144891010.51	01	17	23	31	9.8	1.0	305	0.0	127.95276	+003	0.02	1.0	1144891010.54	0	29	-28	0.0	0.0	10	10	10	10	9	9	9	9	18	0	11.9	51	0.0	0	0	0	0	0	160	0	0	0	0	0	0	0	0	0	0	0	0	0	0	0	0
21:16:51.00	127.5	1144891011.0	1144891011.02	0	1144891011.03	01	17	23	63	9.8	1.0	305	0.0	127.95276	+003	0.02	1.0	1144891011.08	0	29	-28	0.0	0.0	10	10	10	10	9	9	9	9	18	0	11.9	51	0.0	0	0	0	0	0	16	1144891011.21	000	014	00368	45.2528333333	75.582	80.6	-10.77	AVVON	25.2	107.7	-14.1	452.9	1	CYSH, AVVON, LAFIT, FRANX, YJN, YSC, MLT, PNN, 6E, YQI, CYQI	0
21:16:51.50	128.0	1144891011.5	1144891011.51	0	1144891011.51	01	17	24	31	9.8	1.0	305	0.0	127.95276	+003	0.02	1.0	1144891011.52	0	29	-28	0.0	0.0	10	10	10	10	9	9	9	9	18	0	11.9	52	0.0	0	0	0	0	0	160	0	0	0	0	0	0	0	0	0	0	0	0	0	0	0	0
21:16:52.00	128.5	1144891012.0	1144891012.01	0	1144891012.01	01	17	24	63	9.8	1.0	305	0.0	127.95276	+003	0.02	1.0	1144891012.08	0	29	-28	0.0	0.0	10	10	10	10	9	9	9	9	18	0	11.9	52	0.0	0	0	0	0	0	16	1144891012.22	000	014	00370	45.2528333333	75.582	80.6	-10.77	AVVON	25.2	107.7	-14.1	452.9	1	CYSH, AVVON, LAFIT, FRANX, YJN, YSC, MLT, PNN, 6E, YQI, CYQI	0
21:16:52.50	129.0	1144891012.5	1144891012.5	0	1144891012.51	01	17	25	31	9.8	1.0	305	0.0	127.95276	+003	0.02	1.0	1144891012.59	0	29	-28	0.0	0.0	10	10	10	10	9	9	9	9	18	0	11.9	52	0.0	0	0	0	0	0	160	0	0	0	0	0	0	0	0	0	0	0	0	0	0	0	0
21:16:53.00	129.5	1144891013.0	1144891013.01	0	1144891013.01	01	17	25	63	9.8	1.0	306	0.0	127.95276	+003	0.02	1.0	1144891013.04	0	29	-28	0.0	0.0	10	10	10	10	9	9	9	9	18	0	11.9	51	0.0	0	0	0	0	0	16	1144891013.29	000	014	00371	45.2528333333	75.582	80.6	-10.77	AVVON	25.2	107.7	-14.1	452.9	1	CYSH, AVVON, LAFIT, FRANX, YJN, YSC, MLT, PNN, 6E, YQI, CYQI	0
21:16:53.50	130.0	1144891013.5	1144891013.51	0	1144891013.51	01	17	26	31	9.8	1.0	305	0.0	127.95276	+003	0.02	1.0	1144891013.58	0	29	-28	0.0	0.0	10	10	10	10	9	9	9	9	18	0	11.9	52	0.0	0	0	0	0	0	160	0	0	0	0	0	0	0	0	0	0	0	0	0	0	0	0
21:16:54.00	130.5	1144891014.0	1144891014.01	0	1144891014.0	01	17	26	61	9.8	1.0	305	0.0	127.95276	+003	0.02	1.0	1144891014.03	0	29	-28	0.0	0.0	10	10	10	10	9	9	9	9	17	0	11.9	51	0.0	0	0	0	0	0	16	1144891014.19	000	014	00373	45.2528333333	75.582	80.6	-10.77	AVVON	25.2	107.7	-14.1	452.9	1	CYSH, AVVON, LAFIT, FRANX, YJN, YSC, MLT, PNN, 6E, YQI, CYQI	0
21:16:54.50	131.0	1144891014.5	1144891014.51	0	1144891014.51	01	17	27	31	9.8	1.0	305	0.0	127.95276	+003	0.02	1.0	1144891014.56	0	29	-28	0.0	0.0	10	10	10	10	9	9	9	9	18	0	11.9	51	0.0	0	0	0	0	0	160	0	0	0	0	0	0	0	0	0	0	0	0	0	0	0	0
21:16:55.00	131.5	1144891015.0	1144891015.01	0	1144891015.01	01	17	27	63	9.9	1.0	305	0.0	127.95276	+003	0.02	1.0	1144891015.02	0	29	-28	0.0	0.0	10	10	10	10	9	9	9	9	18	0	11.9	51	0.0	0	0	0	0	0	16	1144891015.19	000	014	00375	45.2528333333	75.582	80.6	-10.77	AVVON	25.2	107.7	-14.1	452.9	1	CYSH, AVVON, LAFIT, FRANX, YJN, YSC, MLT, PNN, 6E, YQI, CYQI	0
21:16:55.50	132.0	1144891015.5	1144891015.51	0	1144891015.51	01	17	28	31	9.8	1.0	305	0.0	127.95276	+003	0.02	1.0	1144891015.55	0	29	-28	0.0	0.0	10	10	10	10	9	9	9	9	18	0	11.9	51	0.0	0	0	0	0	0	160	0	0	0	0	0	0	0	0	0	0	0	0	0	0	0	0
21:16:56.00	132.5	1144891016.0	1144891016.07	0	1144891016.09	01	17	28	62	9.8	1.1	305	0.0	127.95276	+003	0.02	1.0	1144891016.07	0	29	-28	0.0	0.0	10	10	10	10	9	9	9	9	18	0	11.9	51	0.0	0	0	0	0	0	16	1144891016.21	000	014	00377	45.2528333333	75.582	80.6	-10.77	AVVON	25.2	107.7	-14.1	452.9	1	CYSH, AVVON, LAFIT, FRANX, YJN, YSC, MLT, PNN, 6E, YQI, CYQI	0
21:16:56.50	133.0	1144891016.5	1144891016.51	0	1144891016.51	01	17	29	31	9.8	1.1	306	0.0	127.95276	+003	0.02	1.0	1144891016.52	0	29	-28	0.0	0.0	10	10	10	10	9	9	9	9	18	0	11.9	52	0.0	0	0	0	0	0	160	0	0	0	0	0	0	0	0	0	0	0	0	0	0	0	0
21:16:57.00	133.5	1144891017.0	1144891017.01	0	1144891017.01	01	17	29	63	9.8	1.1	305	0.0	127.95276	+003	0.02	1.0	1144891017.07	0	29	-28	0.0	0.0	10	10	10	10	9	9	9	9	18	0	11.9	51	0.0	0	0	0	0	0	16	1144891017.23	000	014	00378	45.2528333333	75.582	80.6	-10.77	AVVON	25.2	107.7	-14.1	452.9	1	CYSH, AVVON, LAFIT, FRANX, YJN, YSC, MLT, PNN, 6E, YQI, CYQI	0
21:16:57.50	134.0	1144891017.5	1144891017.5	0	1144891017.51	01	17	30	31	9.8	1.1	305	0.0	127.95276	+003	0.02	1.0	1144891017.51	0	29	-28	0.0	0.0	10	10	10	10	9	9	9	9	18	0	11.9	52	0.0	0	0	0	0	0	160	0	0	0	0	0	0	0	0	0	0	0	0	0	0	0	0
21:16:58.00	134.5	1144891018.0	1144891018.01	0	1144891018.01	01	17	30	61	9.8	1.1	305	0.0	127.95276	+003	0.02	1.0	1144891018.01	0	29	-28	0.0	0.0	10	10	10	10	9	9	9	9	18	0	11.9	52	0.0	0	0	0	0	0	16	1144891018.23	000	014	00379	45.2528333333	75.582	80.6	-10.77	AVVON	25.2	107.7	-14.1	452.9	1	CYSH, AVVON, LAFIT, FRANX, YJN, YSC, MLT, PNN, 6E, YQI, CYQI	0
21:16:58.50	135.0	1144891018.5	1144891018.51	0	1144891018.51	01	17	31	31	9.8	1.1	305	0.0	127.95276	+003	0.02	1.0	1144891018.5	0	29	-28	0.0	0.0	10	10	10	10	9	9	9	9	18	0	11.9	51	0.0	0	0	0	0	0	160	0	0	0	0	0	0	0	0	0	0	0	0	0	0	0	0
21:16:59.00	135.5	1144891019.0	1144891019.01	0	1144891019.01	01	17	31	63	9.8	1.1	305	0.0	127.95276	+003	0.02	1.0	1144891019.05	0	29	-28	0.0	0.0	10	10	10	10	9	9	9	9	18	0	11.9	51	0.0	0	0	0	0	0	160	0	0	0	0	0	0	0	0	0	0	0	0	0	0	0	0
21:16:59.50	136.0	1144891019.5	1144891019.5	0	1144891019.51	01	17	32	31	9.8	1.1	305	0.0	127.95276	+003	0.02	1.0	1144891019.58	0	29	-28	0.0	0.0	10	10	10	10	9	9	9	9	18	0	11.9	52	0.0	0	0	0	0	0	160	0	0	0	0	0	0	0	0	0	0	0	0	0	0	0	0
21:17:00.00	136.5	1144891020.0	1144891020.04	0	1144891020.08	01	17	32	63	9.9	1.1	305	0.0	127.95276	+003	0.02	1.0	1144891020.04	0	29	-28	0.0	0.0	10	10	10	10	9	9	9	9	18	0	11.9	51	0.0	0	0	0	0	0	16	1144891020.19	000	014	00378	45.2528333333	75.582	80.6	-10.77	AVVON	25.2	107.7	-14.1	452.9	1	CYSH, AVVON, LAFIT, FRANX, YJN, YSC, MLT, PNN, 6E, YQI, CYQI	0
21:17:00.50	137.0	1144891020.5	1144891020.51	0	1144891020.51	01	17	33	31	9.9	1.1	305	0.0	127.95276	+003	0.02	1.0	1144891020.56	0	29	-28	0.0	0.0	10	10	10	10	9	9	9	9	18	0	11.9	52	0.0	0	0	0	0	0	160	0	0	0	0	0	0	0	0	0	0	0	0	0	0	0	0
21:17:01.00	137.5	1144891021.0	1144891021.01	0	1144891021.01	01	17	33	63	9.8	1.1	306	0.0	127.95276	+003	0.02	1.0	1144891021.01	0	29	-28	0.0	0.0	10	10	10	10	9	9	9	9	18	0	11.9	52	0.0	0	0	0	0	0	16	1144891021.21	000	014	00377	45.2528333333	75.582	80.6	-10.77	AVVON	25.2	107.7	-14.1	452.9	1	CYSH, AVVON, LAFIT, FRANX, YJN, YSC, MLT, PNN, 6E, YQI, CYQI	0
21:17:01.50	138.0	1144891021.5	1144891021.51	0	1144891021.51	01	17	34	31	9.8	1.1	306	0.0	127.95276	+003	0.02	1.0	1144891021.54	0	29	-28	0.0	0.0	10	10	10	10	9	9	9	9	18	0	11.9	52	0.0	0	0	0	0	0	160	0	0	0	0	0	0	0	0	0	0	0	0	0	0	0	0
21:17:02.00	138.5	1144891022.0	1144891022.02	0	1144891022.02	01	17	34	60	9.8	1.1	305	0.0	127.95276	+003	0.02	1.0	1144891022.07	0	29	-28	0.0	0.0	10	10	10	10	9	9	9	9	18	0	11.9	52	0.0	0	0	0	0	0	16	1144891022.21	000	014	00373	45.2528333333	75.582	80.6	-10.77	AVVON	25.2	107.7	-14.1	452.9	1	CYSH, AVVON, LAFIT, FRANX, YJN, YSC, MLT, PNN, 6E, YQI, CYQI	0
21:17:02.50	139.0	1144891022.5	1144891022.51	0	1144891022.51	01	17	35	31	9.9	1.1	305	0.0	127.95276	+003	0.02	1.0	1144891022.53	0	29	-28	0.0	0.0	10	10	10	10	9	9	9	9	18	0	11.9	51	0.0	0	0	0	0	0	160	0	0	0	0	0	0	0	0	0	0	0	0	0	0	0	0
21:17:03.00	139.5	1144891023.0	1144891023.0	0	1144891023.01	01	17	35	63	9.8	1.1	306	0.0	127.95276	+003	0.02	1.0	1144891023.07	0	29	-28	0.0	0.0	10	10	10	10	9	9	9	9	18	0	11.9	51	0.0	0	0	0	0	0	16	1144891023.23	000	014	00371	45.2528333333	75.582	80.6	-10.77	AVVON	25.2	107.7	-14.1	452.9	1	CYSH, AVVON, LAFIT, FRANX, YJN, YSC, MLT, PNN, 6E, YQI, CYQI	0
21:17:03.50	140.0	1144891023.5	1144891023.51	0	1144891023.51	01	17	36	31	9.8	1.1	306	0.0	127.95276	+003	0.02	1.0	1144891023.52	0	29	-28	0.0	0.0	10	10	10	10	9	9	9	9	18	0	11.9	52	0.0	0	0	0	0	0	160	0	0	0	0	0	0	0	0	0	0	0	0	0	0	0	0
21:17:04.00	140.5	1144891024.0	1144891024.01	0	1144891024.01	01	17	36	60	9.9	1.1	305	0.0	127.95276	+003	0.02	1.0	1144891024.01	0	29	-28	0.0	0.0	10	10	10	10	9	9	9	9	18	0	11.9	51	0.0	0	0	0	0	0	16	1144891024.23	000	014	00369	45.2528333333	75.582	80.6	-10.77	AVVON	25.2	107.7	-14.1	452.9	1	CYSH, AVVON, LAFIT, FRANX, YJN, YSC, MLT, PNN, 6E, YQI, CYQI	0
21:17:04.50	141.0	1144891024.5	1144891024.5	0	1144891024.51	01	17	37	31	9.9	1.1	305	0.0	127.95276	+003	0.02	1.0	1144891024.58	0	29	-28	0.0	0.0	10	10	10	10	9	9	9	9	18	0	11.9	52	0.0	0	0	0	0	0	160	0	0	0	0	0	0	0	0	0	0	0	0	0	0	0	0
21:17:05.00	141.5	1144891025.0	1144891025.01	0	1144891025.01	01	17	37	63	9.9	1.1	305	0.0	127.95276	+003	0.02	1.0	1144891025.04	0	29	-28	0.0	0.0	10	10	10	10	9	9	9	9	18	0	11.9	52	0.0	0	0	0	0	0	16	1144891025.2	000	014	00368	45.2528333333	75.582	80.6	-10.77	AVVON	25.2	107.7	-14.1	452.9	1	CYSH, AVVON, LAFIT, FRANX, YJN, YSC, MLT, PNN, 6E, YQI, CYQI	0
21:17:05.50	142.0	1144891025.5	1144891025.51	0	1144891025.51	01	17	38	31	9.9	1.1	305	0.0	127.95276	+003	0.02	1.0	1144891025.57	0	29	-28	0.0	0.0	10	10	10	10	9	9	9	9	18	0	11.9	51	0.0	0	0	0	0	0	160	0	0	0	0	0	0	0	0	0	0	0	0	0	0	0	0
21:17:06.00	142.5	1144891026.0	1144891026.02	0	1144891026.02	01	17	38	61	9.8	1.1	306	0.0	127.95276	+003	0.02	1.0	1144891026.02	0	29	-28	0.0	0.0	10	10	10	10	9	9	9	9	18	0	11.9	52	0.0	0	0	0	0	0	16	1144891026.2	000	014	00367	45.2528333333	75.582	80.6	-10.77	AVVON	25.2	107.7	-14.1	452.9	1	CYSH, AVVON, LAFIT, FRANX, YJN, YSC, MLT, PNN, 6E, YQI, CYQI	0
21:17:06.50	143.0	1144891026.5	1144891026.51	0	1144891026.51	01	17	39	31	9.9	1.1	305	0.0	127.95276	+003	0.02	1.0	1144891026.56	0	29	-28	0.0	0.0	10	10	10	10	9	9	9	9	18	0	11.9	51	0.0	0	0	0	0	0	160	0	0	0	0	0	0	0	0	0	0	0	0	0	0	0	0
21:17:07.00	143.5	1144891027.0	1144891027.01	0	1144891027.01	01	17	39	63	9.9	1.1	305	0.0	127.95276	+003	0.02	1.0	1144891027.08	0	29	-28	0.0	0.0	10	10	10	10	9	9	9	9	18	0	11.9	52	0.0	0	0	0	0	0	16	1144891027.22	000	014	00366	45.2528333333	75.582	80.6	-10.77	AVVON	25.2	107.7	-14.1	452.9	1	CYSH, AVVON, LAFIT, FRANX, YJN, YSC, MLT, PNN, 6E, YQI, CYQI	0
21:17:07.50	144.0	1144891027.5	1144891027.5	0	1144891027.51	01	17	40	31	9.9	1.1	305	0.0	127.95276	+003	0.02	1.0	1144891027.54	0	29	-28	0.0	0.0	10	10	10	10	9	9	9	9	18	0	11.9	52	0.0	0	0	0	0	0	160	0	0	0	0	0	0	0	0	0	0	0	0	0	0	0	0
21:17:08.00	144.5	1144891028.0	1144891028.02	0	1144891028.02	01	17	40	60	9.9	1.1	306	0.0	127.95276	+003	0.02	1.0	1144891028.02	0	29	-28	0.0	0.0	10	10	10	10	9	9	9	9	18	0	11.9	51	0.0	0	0	0	0	0	16	1144891028.22	000	014	00366	45.2528333333	75.582	80.6	-10.77	AVVON	25.2	107.7	-14.1	452.9	1	CYSH, AVVON, LAFIT, FRANX, YJN, YSC, MLT, PNN, 6E, YQI, CYQI	0
21:17:08.50	145.0	1144891028.5	1144891028.53	0	1144891028.51	01	17	41	31	9.9	1.1	306	0.0	127.95276	+003	0.02	1.0	1144891028.53	0	29	-28	0.0	0.0	10	10	10	10	9	9	9	9	18	0	11.9	52	0.0	0	0	0	0	0	160	0	0	0	0	0	0	0	0	0	0	0	0	0	0	0	0
21:17:09.00	145.5	1144891029.0	1144891029.01	0	1144891029.01	01	17	41	63	9.9	1.1	306	0.0	127.95276	+003	0.02	1.0	1144891029.05	0	29	-28	0.0	0.0	10	10	10	10	9	9	9	9	18	0	11.9	51	0.0	0	0	0	0	0	16	1144891029.24	000	014	00365	45.2528333333	75.582	80.6	-10.77	AVVON	25.2	107.7	-14.1	452.9	1	CYSH, AVVON, LAFIT, FRANX, YJN, YSC, MLT, PNN, 6E, YQI, CYQI	0
21:17:09.50	146.0	1144891029.5	1144891029.5	0	1144891029.51	01	17	42	31	9.9	1.1	306	0.0	127.95276	+003	0.02	1.0	1144891029.5	0	29	-28	0.0	0.0	10	10	10	10	9	9	9	9	18	0	11.9	51	0.0	0	0	0	0	0	160	0	0	0	0	0	0	0	0	0	0	0	0	0	0	0	0
21:17:10.00	146.5	1144891030.0	1144891030.02	0	1144891030.0	01	17	42	56	9.9	1.1	306	0.0	127.95276	+003	0.02	1.0	1144891030.03	0	29	-28	0.0	0.0	10	10	10	10	9	9	9	9	18	0	11.9	52	0.0	0	0	0	0	0	160	0	0	0	0	0	0	0	0	0	0	0	0	0	0	0	0
21:17:10.50	147.0	1144891030.5	1144891030.52	0	1144891030.51	01	17	43	31	9.9	1.1	305	0.0	127.95276	+003	0.02	1.0	1144891030.57	0	29	-28	0.0	0.0	10	10	10	10	9	9	9	9	18	0	11.9	51	0.0	0	0	0	0	0	160	0	0	0	0	0	0	0	0	0	0	0	0	0	0	0	0
21:17:11.00	147.5	1144891031.0	1144891031.0	0	1144891031.01	01	17	43	63	9.9	1.1	305	0.0	127.95276	+003	0.02	1.0	1144891031.02	0	29	-28	0.0	0.0	10	10	10	10	9	9	9	9	18	0	11.9	52	0.0	0	0	0	0	0	16	1144891031.2	000	014	00367	45.2528333333	75.582	80.6	-10.77	AVVON	25.2	107.7	-14.1	452.9	1	CYSH, AVVON, LAFIT, FRANX, YJN, YSC, MLT, PNN, 6E, YQI, CYQI	0
21:17:11.50	148.0	1144891031.5	1144891031.51	0	1144891031.51	01	17	44	31	9.9	1.0	305	0.0	127.95276	+003	0.02	1.0	1144891031.55	0	29	-28	0.0	0.0	10	10	10	10	9	9	9	9	18	0	11.9	52	0.0	0	0	0	0	0	160	0	0	0	0	0	0	0	0	0	0	0	0	0	0	0	0
21:17:12.00	148.5	1144891032.0	1144891032.01	0	1144891032.0	01	17	44	60	9.9	1.1	305	0.0	127.95276	+003	0.02	1.0	1144891032.01	0	29	-28	0.0	0.0	10	10	10	10	9	9	9	9	18	0	11.9	52	0.0	0	0	0	0	0	16	1144891032.22	000	014	00367	45.2528333333	75.582	80.6	-10.77	AVVON	25.2	107.7	-14.1	452.9	1	CYSH, AVVON, LAFIT, FRANX, YJN, YSC, MLT, PNN, 6E, YQI, CYQI	0
21:17:12.50	149.0	1144891032.5	1144891032.5	0	1144891032.51	01	17	45	31	9.9	1.0	305	0.0	127.95276	+003	0.02	1.0	1144891032.55	0	29	-28	0.0	0.0	10	10	10	10	9	9	9	9	18	0	11.9	51	0.0	0	0	0	0	0	160	0	0	0	0	0	0	0	0	0	0	0	0	0	0	0	0
21:17:13.00	149.5	1144891033.0	1144891033.0	0	1144891033.02	01	17	45	63	9.9	1.0	305	0.0	127.95276	+003	0.02	1.0	1144891033.0	0	29	-28	0.0	0.0	10	10	10	10	9	9	9	9	18	0	11.9	51	0.0	0	0	0	0	0	16	1144891033.22	000	014	00368	45.2528333333	75.582	80.6	-10.77	AVVON	25.2	107.7	-14.1	452.9	1	CYSH, AVVON, LAFIT, FRANX, YJN, YSC, MLT, PNN, 6E, YQI, CYQI	0
21:17:13.50	150.0	1144891033.5	1144891033.51	0	1144891033.51	01	17	46	31	9.8	1.0	305	0.0	127.95276	+003	0.02	1.0	1144891033.53	0	29	-28	0.0	0.0	10	10	10	10	9	9	9	9	17	0	11.9	52	0.0	0	0	0	0	0	160	0	0	0	0	0	0	0	0	0	0	0	0	0	0	0	0
21:17:14.00	150.5	1144891034.0	1144891034.01	0	1144891034.01	01	17	46	63	9.8	1.0	305	0.0	127.95276	+003	0.02	1.0	1144891034.07	0	29	-28	0.0	0.0	10	10	10	10	9	9	9	9	17	0	11.9	52	0.0	0	0	0	0	0	16	1144891034.24	000	014	00369	45.2528333333	75.582	80.6	-10.77	AVVON	25.2	107.7	-14.1	452.9	1	CYSH, AVVON, LAFIT, FRANX, YJN, YSC, MLT, PNN, 6E, YQI, CYQI	0
21:17:14.50	151.0	1144891034.5	1144891034.52	0	1144891034.51	01	17	47	31	9.8	1.0	306	0.0	127.95276	+003	0.02	1.0	1144891034.52	0	29	-28	0.0	0.0	10	10	10	10	9	9	9	9	18	0	11.9	52	0.0	0	0	0	0	0	160	0	0	0	0	0	0	0	0	0	0	0	0	0	0	0	0
21:17:15.00	151.5	1144891035.0	1144891035.01	0	1144891035.01	01	17	47	63	9.8	1.0	306	0.0	127.95276	+003	0.02	1.0	1144891035.05	0	29	-28	0.0	0.0	10	10	10	10	9	9	9	9	18	0	11.9	52	0.0	0	0	0	0	0	16	1144891035.25	000	014	00369	45.2528333333	75.582	80.6	-10.77	AVVON	25.2	107.7	-14.1	452.9	1	CYSH, AVVON, LAFIT, FRANX, YJN, YSC, MLT, PNN, 6E, YQI, CYQI	0
21:17:15.50	152.0	1144891035.5	1144891035.51	0	1144891035.51	01	17	48	31	9.9	1.1	305	0.0	127.95276	+003	0.02	1.0	1144891035.51	0	29	-28	0.0	0.0	10	10	10	10	9	9	9	9	18	0	11.9	52	0.0	0	0	0	0	0	160	0	0	0	0	0	0	0	0	0	0	0	0	0	0	0	0
21:17:16.00	152.5	1144891036.0	1144891036.02	0	1144891036.01	01	17	48	60	9.9	1.1	305	0.0	127.95276	+003	0.02	1.0	1144891036.04	0	29	-28	0.0	0.0	10	10	10	10	9	9	9	9	18	0	11.9	52	0.0	0	0	0	0	0	16	1144891036.21	000	014	00369	45.2528333333	75.582	80.6	-10.77	AVVON	25.2	107.7	-14.1	452.9	1	CYSH, AVVON, LAFIT, FRANX, YJN, YSC, MLT, PNN, 6E, YQI, CYQI	0
21:17:16.50	153.0	1144891036.5	1144891036.5	0	1144891036.51	01	17	49	31	9.9	1.1	305	0.0	127.95276	+003	0.02	1.0	1144891036.59	0	29	-28	0.0	0.0	10	10	10	10	9	9	9	9	18	0	11.9	52	0.0	0	0	0	0	0	160	0	0	0	0	0	0	0	0	0	0	0	0	0	0	0	0
21:17:17.00	153.5	1144891037.0	1144891037.01	0	1144891037.01	01	17	49	63	9.8	1.1	306	0.0	127.95276	+003	0.02	1.0	1144891037.08	0	29	-28	0.0	0.0	10	10	10	10	9	9	9	9	18	0	11.9	52	0.0	0	0	0	0	0	16	1144891037.21	000	014	00370	45.2528333333	75.582	80.6	-10.77	AVVON	25.2	107.7	-14.1	452.9	1	CYSH, AVVON, LAFIT, FRANX, YJN, YSC, MLT, PNN, 6E, YQI, CYQI	0
21:17:17.50	154.0	1144891037.5	1144891037.51	0	1144891037.51	01	17	50	31	9.9	1.1	305	0.0	127.95276	+003	0.02	1.0	1144891037.5	0	29	-28	0.0	0.0	10	10	10	10	9	9	9	9	17	0	11.9	51	0.0	0	0	0	0	0	160	0	0	0	0	0	0	0	0	0	0	0	0	0	0	0	0
21:17:18.00	154.5	1144891038.0	1144891038.0	0	1144891038.01	01	17	50	60	9.9	1.1	306	0.0	127.95276	+003	0.02	1.0	1144891038.0	0	29	-28	0.0	0.0	10	10	10	10	9	9	9	9	17	0	11.9	52	0.0	0	0	0	0	0	16	1144891038.24	000	014	00370	45.2528333333	75.582	80.6	-10.77	AVVON	25.2	107.7	-14.1	452.9	1	CYSH, AVVON, LAFIT, FRANX, YJN, YSC, MLT, PNN, 6E, YQI, CYQI	0
21:17:18.50	155.0	1144891038.5	1144891038.51	0	1144891038.51	01	17	51	31	9.9	1.1	305	0.0	127.95276	+003	0.02	1.0	1144891038.58	0	29	-28	0.0	0.0	10	10	10	10	10	10	9	10	18	0	11.9	51	0.0	0	0	0	0	0	160	0	0	0	0	0	0	0	0	0	0	0	0	0	0	0	0
21:17:19.00	155.5	1144891039.0	1144891039.01	0	1144891039.01	01	17	51	63	9.9	1.1	305	0.0	127.95276	+003	0.02	1.0	1144891039.04	0	29	-28	0.0	0.0	10	10	10	10	10	10	10	10	18	0	11.9	51	0.0	0	0	0	0	0	16	1144891039.23	000	014	00370	45.2528333333	75.582	80.6	-10.77	AVVON	25.2	107.7	-14.1	452.9	1	CYSH, AVVON, LAFIT, FRANX, YJN, YSC, MLT, PNN, 6E, YQI, CYQI	0
21:17:19.50	156.0	1144891039.5	1144891039.53	0	1144891039.53	01	17	52	29	9.9	1.1	305	0.0	127.95276	+003	0.02	1.0	1144891039.53	0	29	-28	0.0	0.0	10	10	10	10	10	10	10	10	18	0	11.9	52	0.0	0	0	0	0	0	160	0	0	0	0	0	0	0	0	0	0	0	0	0	0	0	0
21:17:20.00	156.5	1144891040.0	1144891040.02	0	1144891040.0	01	17	52	61	9.8	1.1	305	0.0	127.95276	+003	0.02	1.0	1144891040.02	0	29	-28	0.0	0.0	10	10	10	10	10	10	10	10	18	0	11.9	51	0.0	0	0	0	0	0	16	1144891040.25	000	014	00370	45.2528333333	75.582	80.6	-10.78	AVVON	25.2	107.8	-14.1	452.9	1	CYSH, AVVON, LAFIT, FRANX, YJN, YSC, MLT, PNN, 6E, YQI, CYQI	0
21:17:20.50	157.0	1144891040.5	1144891040.52	0	1144891040.51	01	17	53	31	9.8	1.1	306	0.0	127.95276	+003	0.02	1.0	1144891040.56	0	29	-28	0.0	0.0	10	10	10	10	10	10	10	10	18	0	11.9	52	0.0	0	0	0	0	0	160	0	0	0	0	0	0	0	0	0	0	0	0	0	0	0	0
21:17:21.00	157.5	1144891041.0	1144891041.01	0	1144891041.01	01	17	53	63	9.8	1.1	306	0.0	127.95276	+003	0.02	1.0	1144891041.05	0	29	-28	0.0	0.0	10	10	10	10	10	10	10	10	18	0	11.9	51	0.0	0	0	0	0	0	16	1144891041.32	000	014	00370	45.2528333333	75.582	80.6	-10.78	AVVON	25.2	107.8	-14.1	452.9	1	CYSH, AVVON, LAFIT, FRANX, YJN, YSC, MLT, PNN, 6E, YQI, CYQI	0
21:17:21.50	158.0	1144891041.5	1144891041.51	0	1144891041.51	01	17	54	31	9.8	1.1	305	0.0	127.95276	+003	0.02	1.0	1144891041.66	0	29	-28	0.0	0.0	10	10	10	10	10	10	10	10	18	0	11.9	51	0.0	0	0	0	0	0	160	0	0	0	0	0	0	0	0	0	0	0	0	0	0	0	0
21:17:22.00	158.5	1144891042.0	1144891042.02	0	1144891042.03	01	17	54	56	9.9	1.1	305	0.0	127.95276	+003	0.02	1.0	1144891042.02	0	29	-28	0.0	0.0	10	10	10	10	10	10	10	10	18	0	11.9	51	0.0	0	0	0	0	0	16	1144891042.21	000	014	00370	45.2528333333	75.582	80.6	-10.78	AVVON	25.2	107.8	-14.1	452.9	1	CYSH, AVVON, LAFIT, FRANX, YJN, YSC, MLT, PNN, 6E, YQI, CYQI	0
21:17:22.50	159.0	1144891042.5	1144891042.51	0	1144891042.51	01	17	55	31	9.9	1.1	305	0.0	127.95276	+003	0.02	1.0	1144891042.56	0	29	-28	0.0	0.0	10	10	10	10	10	10	10	10	18	0	11.9	51	0.0	0	0	0	0	0	160	0	0	0	0	0	0	0	0	0	0	0	0	0	0	0	0
21:17:23.00	159.5	1144891043.0	1144891043.0	0	1144891043.01	01	17	55	63	9.9	1.0	305	0.0	127.95276	+003	0.02	1.0	1144891043.01	0	29	-28	0.0	0.0	10	10	10	10	10	10	10	10	18	0	11.9	51	0.0	0	0	0	0	0	16	1144891043.23	000	014	00370	45.2528333333	75.582	80.6	-10.78	AVVON	25.2	107.8	-14.1	452.9	1	CYSH, AVVON, LAFIT, FRANX, YJN, YSC, MLT, PNN, 6E, YQI, CYQI	0
21:17:23.50	160.0	1144891043.5	1144891043.51	0	1144891043.51	01	17	56	31	9.8	1.0	306	0.0	127.95276	+003	0.02	1.0	1144891043.54	0	29	-28	0.0	0.0	10	10	10	10	10	10	10	10	18	0	11.9	52	0.0	0	0	0	0	0	160	0	0	0	0	0	0	0	0	0	0	0	0	0	0	0	0
21:17:24.00	160.5	1144891044.0	1144891044.01	0	1144891044.05	01	17	56	56	9.9	1.0	305	0.0	127.95276	+003	0.02	1.0	1144891044.07	0	29	-28	0.0	0.0	10	10	10	10	10	10	10	10	18	0	11.9	52	0.0	0	0	0	0	0	16	1144891044.23	000	014	00368	45.2528333333	75.582	80.6	-10.78	AVVON	25.2	107.8	-14.1	452.9	1	CYSH, AVVON, LAFIT, FRANX, YJN, YSC, MLT, PNN, 6E, YQI, CYQI	0
21:17:24.50	161.0	1144891044.5	1144891044.5	0	1144891044.51	01	17	57	31	9.9	1.0	305	0.0	127.95276	+003	0.02	1.0	1144891044.53	0	29	-28	0.0	0.0	10	10	10	10	10	10	10	10	18	0	11.9	52	0.0	0	0	0	0	0	160	0	0	0	0	0	0	0	0	0	0	0	0	0	0	0	0
21:17:25.00	161.5	1144891045.0	1144891045.0	0	1144891045.01	01	17	57	63	9.8	1.1	306	0.0	127.95276	+003	0.02	1.0	1144891045.06	0	29	-28	0.0	0.0	10	10	10	10	10	10	10	10	18	0	11.9	51	0.0	0	0	0	0	0	16	1144891045.33	000	014	00368	45.2528333333	75.582	80.6	-10.78	AVVON	25.2	107.8	-14.1	452.9	1	CYSH, AVVON, LAFIT, FRANX, YJN, YSC, MLT, PNN, 6E, YQI, CYQI	0
21:17:25.50	162.0	1144891045.5	1144891045.51	0	1144891045.5	01	17	58	26	9.8	1.0	306	0.0	127.95276	+003	0.02	1.0	1144891045.5	0	29	-28	0.0	0.0	10	10	10	10	10	10	10	10	18	0	11.9	51	0.0	0	0	0	0	0	160	0	0	0	0	0	0	0	0	0	0	0	0	0	0	0	0
21:17:26.00	162.5	1144891046.0	1144891046.04	0	1144891046.14	01	17	58	59	9.8	1.1	306	0.0	127.95276	+003	0.02	1.0	1144891046.05	0	29	-28	0.0	0.0	10	10	10	10	10	10	10	10	18	0	11.9	51	0.0	0	0	0	0	0	16	1144891046.26	000	014	00368	45.2528333333	75.582	80.6	-10.78	AVVON	25.2	107.8	-14.1	452.9	1	CYSH, AVVON, LAFIT, FRANX, YJN, YSC, MLT, PNN, 6E, YQI, CYQI	0
21:17:26.50	163.0	1144891046.5	1144891046.52	0	1144891046.51	01	17	59	31	9.8	1.1	306	0.0	127.95276	+003	0.02	1.0	1144891046.58	0	29	-28	0.0	0.0	10	10	10	10	10	10	10	10	18	0	11.9	52	0.0	0	0	0	0	0	160	0	0	0	0	0	0	0	0	0	0	0	0	0	0	0	0
21:17:27.00	163.5	1144891047.0	1144891047.01	0	1144891047.01	01	17	59	63	9.8	1.0	306	0.0	127.95276	+003	0.02	1.0	1144891047.04	0	29	-28	0.0	0.0	10	10	10	10	10	10	10	10	18	0	11.9	52	0.0	0	0	0	0	0	16	1144891047.22	000	014	00367	45.2528333333	75.582	80.6	-10.78	AVVON	25.2	107.8	-14.1	452.9	1	CYSH, AVVON, LAFIT, FRANX, YJN, YSC, MLT, PNN, 6E, YQI, CYQI	0
21:17:27.50	164.0	1144891047.5	1144891047.5	0	1144891047.51	01	18	00	31	9.8	1.1	306	0.0	127.95276	+003	0.02	1.0	1144891047.57	0	29	-28	0.0	0.0	10	10	10	10	10	10	10	10	18	0	11.9	51	0.0	0	0	0	0	0	160	0	0	0	0	0	0	0	0	0	0	0	0	0	0	0	0
21:17:28.00	164.5	1144891048.0	1144891048.0	0	1144891048.01	01	18	00	56	9.8	1.1	306	0.0	127.95276	+003	0.02	1.0	1144891048.02	0	29	-28	0.0	0.0	10	10	10	10	10	10	10	10	18	0	11.9	51	0.0	0	0	0	0	0	16	1144891048.32	000	014	00367	45.2528333333	75.582	80.6	-10.78	AVVON	25.2	107.8	-14.1	452.9	1	CYSH, AVVON, LAFIT, FRANX, YJN, YSC, MLT, PNN, 6E, YQI, CYQI	0
