Discretes_data-2006-03-26-0836.txt

discretes.Discretes Time	Event Marker
(seconds)	(1 = Event)
1143380203.57	0
1143380204.01	0
1143380205.0	0
1143380206.02	0
1143380207.02	0
1143380208.02	0
1143380209.0	0
1143380210.0	0
1143380211.01	0
1143380212.0	0
1143380213.0	0
1143380214.0	0
1143380215.01	0
1143380216.01	0
1143380217.01	0
1143380218.01	0
1143380219.01	0
1143380220.01	0
1143380221.02	0
1143380222.02	0
1143380223.02	0
1143380224.0	0
1143380225.02	0
1143380226.0	0
1143380227.0	0
1143380228.0	0
1143380229.0	0
1143380230.0	0
1143380231.01	0
1143380232.01	0
1143380233.01	0
1143380234.01	0
1143380235.01	0
1143380236.01	0
1143380237.01	0
1143380238.01	0
1143380239.01	0
1143380240.01	0
1143380241.01	0
1143380242.01	0
1143380243.01	0
1143380244.02	0
1143380245.02	0
1143380246.02	0
1143380247.02	0
1143380248.02	0
1143380249.01	0
1143380250.0	0
1143380251.01	0
1143380252.0	0
1143380253.01	0
1143380254.01	0
1143380255.01	0
1143380256.01	0
1143380257.01	0
1143380258.0	0
1143380259.01	0
1143380260.01	0
1143380261.02	0
1143380262.0	0
1143380263.0	0
1143380264.0	0
1143380265.0	0
1143380266.0	0
1143380267.01	0
1143380268.01	0
1143380269.01	0
1143380270.01	0
1143380271.02	0
1143380272.02	0
1143380273.02	0
1143380274.02	0
1143380275.02	0
1143380276.02	0
1143380277.02	0
1143380278.0	0
1143380279.0	0
1143380280.0	0
1143380281.0	0
1143380282.0	0
1143380283.0	0
1143380284.01	0
1143380285.01	0
1143380286.01	0
1143380287.01	0
1143380288.02	0
1143380289.01	0
1143380290.02	0
1143380291.02	0
1143380292.02	0
1143380293.02	0
1143380294.03	0
1143380295.03	0
1143380296.03	0
1143380297.03	0
1143380298.03	0
1143380299.03	0
1143380300.04	0
1143380301.04	0
1143380302.04	0
1143380303.0	0
1143380304.0	0
1143380305.0	0
1143380306.0	0
1143380307.0	0
1143380308.04	0
1143380309.0	0
1143380310.0	0
1143380311.0	0
1143380312.0	0
1143380313.05	0
1143380314.0	0
1143380315.01	0
1143380316.0	0
1143380317.0	0
1143380318.01	0
1143380319.0	0
1143380320.0	0
1143380321.01	0
1143380322.01	0
1143380323.01	0
1143380324.0	0
1143380325.0	0
1143380326.0	0
1143380327.02	0
1143380328.0	0
1143380329.0	0
1143380330.0	0
1143380331.0	0
1143380332.0	0
1143380333.0	0
1143380334.02	0
1143380335.0	0
1143380336.0	0
1143380337.0	0
1143380338.0	0
1143380339.01	0
1143380340.01	0
1143380341.01	0
1143380342.0	0
1143380343.0	0
1143380344.0	0
1143380345.01	0
1143380346.0	0
1143380347.0	0
1143380348.0	0
1143380349.01	0
1143380350.01	0
1143380351.0	0
1143380352.0	0
1143380353.0	0
1143380354.0	0
1143380355.0	0
1143380356.0	0
1143380357.0	0
1143380358.0	0
1143380359.0	0
1143380360.0	0
1143380361.0	0
1143380362.02	0
1143380363.02	0
1143380364.0	0
1143380365.0	0
1143380366.0	0
1143380367.0	0
1143380368.0	0
1143380369.01	0
1143380370.0	0
1143380371.0	0
1143380372.0	0
1143380373.02	0
1143380374.0	0
1143380375.01	0
1143380376.0	0
1143380377.02	0
1143380378.0	0
1143380379.01	0
1143380380.0	0
1143380381.01	0
1143380382.01	0
1143380383.0	0
1143380384.01	0
1143380385.0	0
1143380386.01	0
1143380387.01	0
1143380388.02	0
1143380389.01	0
1143380390.02	0
1143380391.0	0
1143380392.0	0
1143380393.0	0
1143380394.01	0
1143380395.01	0
1143380396.03	0
1143380397.0	0
1143380398.02	0
1143380399.01	0
1143380400.01	0
1143380401.01	0
1143380402.0	0
1143380403.02	0
1143380404.01	0
1143380405.0	0
1143380406.02	0
1143380407.0	0
1143380408.0	0
1143380409.0	0
1143380410.0	0
1143380411.0	0
1143380412.01	0
1143380413.0	0
1143380414.01	0
1143380415.0	0
1143380416.0	0
1143380417.01	0
1143380418.0	0
1143380419.0	0
1143380420.0	0
1143380421.0	0
1143380422.0	0
1143380423.01	0
1143380424.0	0
1143380425.01	0
1143380426.0	0
1143380427.0	0
1143380428.02	0
1143380429.01	0
1143380430.0	0
1143380431.01	0
1143380432.01	0
1143380433.02	0
1143380434.02	0
1143380435.02	0
1143380436.02	0
1143380437.0	0
1143380438.0	0
1143380439.0	0
1143380440.01	0
1143380441.01	0
1143380442.01	0
1143380443.01	0
1143380444.01	0
1143380445.02	0
1143380446.02	0
1143380447.01	0
1143380448.02	0
1143380449.01	0
1143380450.01	0
1143380451.01	0
1143380452.02	0
1143380453.01	0
1143380454.02	0
1143380455.01	0
1143380456.03	0
1143380457.03	0
1143380458.03	0
1143380459.03	0
1143380460.03	0
1143380461.03	0
1143380462.02	0
1143380463.0	0
1143380464.03	0
1143380465.02	0
1143380466.02	0
1143380467.02	0
1143380468.01	0
1143380469.03	0
1143380470.03	0
1143380471.03	0
1143380472.03	0
1143380473.02	0
1143380474.03	0
1143380475.04	0
1143380476.03	0
1143380477.04	0
1143380478.04	0
1143380479.04	0
1143380480.04	0
1143380481.04	0
1143380482.01	0
1143380483.01	0
1143380484.01	0
1143380485.05	0
1143380486.01	0
1143380487.01	0
1143380488.02	0
1143380489.02	0
1143380490.02	0
1143380491.0	0
1143380492.01	1
1143380493.01	0
1143380494.01	0
1143380495.01	0
1143380496.02	0
1143380497.01	0
1143380498.0	0
1143380499.0	0
1143380500.01	0
1143380501.01	0
1143380502.01	0
1143380503.0	0
1143380504.01	0
1143380505.0	0
1143380506.02	0
1143380507.0	0
1143380508.01	0
1143380509.01	0
1143380510.01	0
1143380511.0	0
1143380512.0	0
1143380513.01	0
1143380514.02	0
1143380515.01	0
1143380516.01	0
1143380517.02	0
1143380518.0	0
1143380519.02	0
1143380520.01	0
1143380521.0	0
1143380522.01	0
1143380523.01	0
1143380524.01	0
1143380525.01	0
1143380526.0	0
1143380527.02	0
1143380528.0	0
1143380529.0	0
1143380530.02	0
1143380531.02	0
1143380532.01	0
1143380533.01	0
1143380534.0	0
1143380535.02	0
1143380536.04	0
1143380537.02	0
1143380538.03	0
1143380539.01	0
1143380540.01	0
1143380541.01	0
1143380542.01	0
1143380543.01	0
1143380544.01	0
1143380545.01	0
1143380546.0	0
1143380547.01	0
1143380548.02	0
1143380549.01	0
1143380550.0	0
1143380551.01	0
1143380552.02	0
1143380553.0	0
1143380554.02	0
1143380555.02	0
1143380556.02	0
1143380557.01	0
1143380558.02	0
1143380559.01	0
1143380560.02	0
1143380561.0	0
1143380562.01	0
1143380563.02	0
1143380564.01	0
1143380565.01	0
1143380566.0	0
1143380567.01	0
1143380568.0	0
1143380569.01	0
1143380570.02	0
1143380571.02	0
1143380572.02	0
1143380573.01	0
1143380574.0	0
1143380575.0	0
1143380576.01	0
1143380577.02	0
1143380578.01	0
1143380579.0	0
1143380580.0	0
1143380581.0	0
1143380582.0	0
1143380583.02	0
1143380584.0	0
1143380585.01	0
1143380586.01	0
1143380587.0	0
1143380588.01	0
1143380589.02	0
1143380590.01	0
1143380591.02	0
1143380592.01	0
1143380593.01	0
1143380594.02	0
1143380595.01	0
1143380596.0	0
1143380597.0	0
1143380598.02	0
1143380599.02	0
1143380600.01	0
1143380601.01	0
1143380602.01	0
1143380603.01	0
1143380604.02	0
1143380605.01	0
1143380606.02	0
1143380607.01	0
1143380608.01	0
1143380609.02	0
1143380610.01	0
1143380611.01	0
1143380612.01	0
1143380613.0	0
1143380614.0	0
1143380615.01	0
1143380616.01	0
1143380617.01	0
1143380618.01	0
1143380619.01	0
1143380620.0	0
1143380621.01	0
1143380622.01	0
1143380623.01	0
1143380624.01	0
1143380625.01	0
1143380626.01	0
1143380627.02	0
1143380628.02	0
1143380629.02	1
1143380630.0	0
1143380631.0	0
1143380632.02	0
1143380633.01	0
1143380634.02	0
1143380635.02	0
1143380636.01	0
1143380637.02	0
1143380638.01	0
1143380639.02	0
1143380640.01	0
1143380641.02	0
1143380642.0	0
1143380643.02	0
1143380644.01	0
1143380645.0	0
1143380646.01	0
1143380647.01	0
1143380648.0	0
1143380649.01	0
1143380650.01	0
1143380651.01	0
1143380652.02	0
1143380653.01	0
1143380654.01	0
1143380655.02	0
1143380656.02	0
1143380657.0	0
1143380658.0	0
1143380659.01	0
1143380660.01	0
1143380661.01	0
1143380662.0	0
1143380663.0	0
1143380664.01	0
1143380665.0	0
1143380666.01	0
1143380667.0	0
1143380668.0	0
1143380669.02	0
1143380670.0	0
1143380671.01	0
1143380672.04	0
1143380673.05	0
1143380674.02	0
1143380675.04	0
1143380676.01	0
1143380677.31	0
1143380678.08	0
1143380679.0	0
1143380680.01	0
1143380681.02	0
1143380682.01	0
1143380683.02	0
1143380684.02	0
1143380685.02	0
1143380686.01	0
1143380687.01	0
1143380688.01	0
1143380689.0	0
1143380690.0	0
1143380691.01	0
1143380692.02	0
1143380693.02	0
1143380694.01	0
1143380695.02	0
1143380696.0	0
1143380697.02	0
1143380698.02	0
1143380699.01	0
1143380700.14	0
1143380701.11	0
1143380702.0	0
1143380703.04	0
1143380704.01	0
1143380705.03	0
1143380706.01	0
1143380707.02	0
1143380708.02	0
1143380709.05	0
1143380710.02	0
1143380711.01	0
1143380712.0	0
1143380713.01	0
1143380714.01	0
1143380715.02	0
1143380716.04	0
1143380717.03	0
1143380718.02	0
1143380719.03	0
1143380720.03	0
1143380721.05	0
1143380722.04	0
1143380723.03	0
1143380724.0	0
1143380725.02	0
1143380726.02	0
1143380727.0	0
1143380728.03	0
1143380729.03	0
1143380730.0	0
1143380731.03	0
1143380732.01	0
1143380733.0	0
1143380734.01	0
1143380735.03	0
1143380736.01	0
1143380737.0	0
1143380738.0	0
1143380739.0	0
1143380740.04	0
1143380741.0	0
1143380742.0	0
1143380743.02	0
1143380744.01	0
1143380745.01	0
1143380746.0	0
1143380747.01	0
1143380748.01	0
1143380749.01	0
1143380750.01	0
1143380751.01	0
1143380752.01	0
1143380753.0	0
1143380754.02	0
1143380755.01	0
1143380756.01	0
1143380757.02	0
1143380758.0	0
1143380759.0	0
1143380760.01	0
1143380761.01	0
1143380762.0	0
1143380763.01	0
1143380764.0	0
1143380765.01	0
1143380766.02	0
1143380767.01	0
1143380768.0	0
1143380769.02	0
1143380770.01	0
1143380771.01	0
1143380772.01	0
1143380773.02	0
1143380774.02	0
1143380775.01	0
1143380776.02	0
1143380777.01	0
1143380778.01	0
1143380779.01	0
1143380780.01	0
1143380781.01	0
1143380782.02	0
1143380783.0	0
1143380784.01	0
1143380785.0	0
1143380786.01	0
1143380787.01	0
1143380788.01	0
1143380789.01	0
1143380790.0	0
1143380791.01	0
1143380792.02	0
1143380793.0	0
1143380794.02	0
1143380795.0	0
1143380796.0	0
1143380797.01	0
1143380798.0	0
1143380799.01	0
1143380800.01	0
1143380801.01	0
1143380802.01	0
1143380803.01	0
1143380804.01	0
1143380805.02	0
1143380806.01	0
1143380807.0	0
1143380808.0	0
1143380809.01	0
1143380810.01	0
1143380811.01	0
1143380812.0	0
1143380813.01	0
1143380814.01	0
1143380815.01	0
1143380816.01	0
1143380817.0	0
1143380818.02	0
1143380819.0	0
1143380820.0	0
1143380821.01	0
1143380822.02	0
1143380823.01	0
1143380824.01	0
1143380825.01	0
1143380826.01	1
1143380827.02	0
1143380828.01	0
1143380829.02	0
1143380830.02	0
1143380831.0	0
1143380832.0	0
1143380833.0	0
1143380834.0	0
1143380835.01	0
1143380836.0	0
1143380837.01	0
1143380838.01	0
1143380839.01	0
1143380840.02	0
1143380841.0	0
1143380842.01	0
1143380843.01	0
1143380844.01	0
1143380845.01	0
1143380846.01	0
1143380847.01	0
1143380848.01	0
1143380849.01	0
1143380850.02	0
1143380851.0	0
1143380852.02	0
1143380853.0	0
1143380854.01	0
1143380855.0	0
1143380856.0	0
1143380857.0	0
1143380858.01	0
1143380859.0	0
1143380860.0	0
1143380861.01	0
1143380862.0	0
1143380863.01	0
1143380864.01	1
1143380865.02	0
1143380866.0	0
1143380867.0	0
1143380868.02	0
1143380869.01	0
1143380870.01	0
1143380871.01	0
1143380872.01	0
1143380873.02	0
1143380874.01	0
1143380875.0	0
1143380876.01	0
1143380877.01	0
1143380878.0	0
1143380879.01	0
1143380880.01	0
1143380881.01	0
1143380882.01	0
1143380883.01	0
1143380884.02	0
1143380885.02	0
1143380886.02	0
1143380887.0	0
1143380888.02	0
1143380889.0	0
1143380890.02	0
1143380891.01	0
1143380892.01	0
1143380893.01	0
1143380894.0	0
1143380895.0	0
1143380896.01	0
1143380897.01	0
1143380898.02	0
1143380899.02	0
1143380900.02	0
1143380901.0	0
1143380902.02	0
1143380903.01	0
1143380904.0	0
1143380905.02	0
1143380906.01	0
1143380907.02	0
1143380908.01	0
1143380909.01	0
1143380910.02	1
1143380911.0	1
1143380912.0	0
1143380913.01	0
1143380914.01	0
1143380915.0	0
1143380916.01	0
1143380917.01	0
1143380918.02	0
1143380919.02	0
1143380920.01	0
1143380921.0	0
1143380922.0	0
1143380923.01	0
1143380924.02	0
1143380925.03	0
1143380926.03	0
1143380927.02	0
1143380928.01	0
1143380929.02	0
1143380930.01	0
1143380931.01	0
1143380932.02	0
1143380933.02	0
1143380934.0	0
1143380935.02	0
1143380936.02	0
1143380937.01	0
1143380938.01	0
1143380939.01	0
1143380940.01	0
1143380941.03	0
1143380942.02	0
1143380943.01	0
1143380944.02	0
1143380945.04	0
1143380946.0	0
1143380947.01	0
1143380948.01	0
1143380949.0	0
1143380950.02	0
1143380951.02	0
1143380952.04	0
1143380953.0	0
1143380954.03	0
1143380955.01	0
1143380956.02	0
1143380957.0	0
1143380958.01	0
1143380959.01	0
1143380960.0	0
1143380961.01	0
1143380962.01	0
1143380963.01	0
1143380964.02	0
1143380965.01	0
1143380966.01	0
1143380967.03	0
1143380968.02	0
1143380969.03	0
1143380970.02	0
1143380971.02	0
1143380972.03	0
1143380973.03	0
1143380974.0	0
1143380975.03	0
1143380976.03	0
1143380977.03	0
1143380978.04	0
1143380979.03	0
1143380980.04	0
1143380981.04	0
1143380982.02	0
1143380983.02	0
1143380984.03	0
1143380985.0	0
1143380986.0	0
1143380987.0	0
1143380988.0	0
1143380989.01	0
1143380990.0	0
1143380991.01	0
1143380992.01	0
1143380993.01	0
1143380994.01	0
1143380995.02	0
1143380996.01	0
1143380997.01	0
1143380998.01	0
1143380999.02	0
1143381000.02	0
1143381001.01	0
1143381002.0	0
1143381003.02	0
1143381004.02	0
1143381005.01	0
1143381006.01	0
1143381007.01	0
1143381008.0	0
1143381009.02	0
1143381010.02	0
1143381011.01	0
1143381012.01	0
1143381013.0	0
1143381014.0	0
1143381015.01	0
1143381016.01	0
1143381017.01	0
1143381018.01	0
1143381019.02	0
1143381020.01	0
1143381021.02	0
1143381022.02	0
1143381023.01	0
1143381024.02	0
1143381025.0	0
1143381026.01	0
1143381027.02	0
1143381028.01	0
1143381029.01	0
1143381030.01	0
1143381031.01	0
1143381032.01	0
1143381033.02	0
1143381034.0	0
1143381035.01	0
1143381036.02	0
1143381037.01	0
1143381038.01	0
1143381039.0	0
1143381040.01	0
1143381041.01	0
1143381042.02	0
1143381043.02	0
1143381044.01	0
1143381045.02	0
1143381046.01	0
1143381047.02	0
1143381048.01	0
1143381049.0	0
1143381050.02	0
1143381051.0	0
1143381052.0	0
1143381053.01	0
1143381054.01	0
1143381055.01	0
1143381056.02	0
1143381057.0	0
1143381058.01	0
1143381059.02	0
1143381060.01	0
1143381061.01	0
1143381062.0	0
1143381063.0	0
1143381064.0	0
1143381065.01	0
1143381066.01	0
1143381067.02	0
1143381068.0	0
1143381069.01	0
1143381070.0	0
1143381071.01	0
1143381072.01	0
1143381073.01	0
1143381074.01	0
1143381075.01	0
1143381076.01	0
1143381077.01	0
1143381078.01	0
1143381079.01	0
1143381080.01	0
1143381081.01	0
1143381082.02	0
1143381083.02	0
1143381084.02	0
1143381085.02	0
1143381086.01	0
1143381087.02	0
1143381088.02	0
1143381089.0	0
1143381090.01	0
1143381091.02	0
1143381092.01	0
1143381093.0	0
1143381094.0	0
1143381095.01	0
1143381096.01	0
1143381097.01	0
1143381098.01	0
1143381099.01	0
1143381100.01	0
1143381101.01	0
1143381102.0	0
1143381103.02	0
1143381104.01	0
1143381105.02	0
1143381106.01	0
1143381107.01	0
1143381108.0	0
1143381109.01	0
1143381110.0	0
1143381111.02	0
1143381112.0	0
1143381113.01	0
1143381114.01	0
1143381115.0	0
1143381116.02	0
1143381117.02	0
1143381118.01	0
1143381119.01	0
1143381120.01	0
1143381121.02	0
1143381122.02	0
1143381123.02	0
1143381124.02	0
1143381125.02	0
1143381126.01	0
1143381127.0	0
1143381128.0	0
1143381129.0	0
1143381130.01	0
1143381131.0	0
1143381132.01	0
1143381133.01	0
1143381134.02	0
1143381135.01	0
1143381136.01	0
1143381137.0	0
1143381138.06	0
1143381139.0	0
1143381140.0	0
1143381141.0	0
1143381142.02	0
1143381143.02	0
1143381144.01	0
1143381145.02	0
1143381146.01	0
1143381147.01	0
1143381148.0	0
1143381149.01	0
1143381150.02	0
1143381151.02	0
1143381152.02	0
1143381153.01	0
1143381154.02	0
1143381155.02	0
1143381156.02	0
1143381157.01	0
1143381158.0	0
1143381159.01	0
1143381160.01	0
1143381161.01	0
1143381162.01	0
1143381163.01	0
1143381164.01	0
1143381165.01	0
1143381166.01	0
1143381167.0	0
1143381168.01	0
1143381169.01	0
1143381170.02	0
1143381171.02	0
1143381172.01	0
1143381173.02	0
1143381174.0	0
1143381175.0	0
1143381176.01	0
1143381177.01	0
1143381178.02	0
1143381179.02	0
1143381180.02	0
1143381181.01	0
1143381182.0	0
1143381183.02	0
1143381184.01	0
1143381185.02	0
1143381186.02	0
1143381187.02	0
1143381188.01	0
1143381189.02	0
1143381190.01	0
1143381191.01	0
1143381192.01	0
1143381193.01	0
1143381194.01	0
1143381195.0	0
1143381196.0	0
1143381197.01	0
1143381198.02	0
1143381199.02	0
1143381200.01	0
1143381201.01	0
1143381202.01	0
1143381203.0	0
1143381204.02	0
1143381205.01	0
1143381206.01	0
1143381207.01	0
1143381208.01	0
1143381209.01	0
1143381210.01	0
1143381211.01	0
1143381212.01	0
1143381213.01	0
1143381214.01	0
1143381215.01	0
1143381216.01	0
1143381217.01	0
1143381218.02	0
1143381219.02	0
1143381220.02	0
1143381221.01	0
1143381222.01	0
1143381223.0	0
1143381224.0	0
1143381225.02	0
1143381226.02	0
1143381227.01	0
1143381228.03	0
1143381229.01	0
1143381230.0	0
1143381231.01	0
1143381232.0	0
1143381233.01	0
1143381234.01	0
1143381235.0	0
1143381236.02	0
1143381237.14	0
1143381238.07	0
1143381239.01	0
1143381240.06	0
1143381241.01	0
1143381242.01	0
1143381243.01	0
1143381244.01	0
1143381245.01	0
1143381246.01	0
1143381247.02	0
1143381248.0	0
1143381249.01	0
1143381250.01	0
1143381251.01	0
1143381252.01	0
1143381253.0	0
1143381254.03	0
1143381255.01	0
1143381256.11	0
1143381257.0	0
1143381258.01	0
1143381259.01	0
1143381260.01	0
1143381261.02	0
1143381262.0	0
1143381263.01	0
1143381264.01	0
1143381265.01	0
1143381266.04	0
1143381267.02	0
1143381268.01	0
1143381269.02	0
1143381270.0	0
1143381271.03	0
1143381272.01	0
1143381273.01	0
1143381274.03	0
1143381275.03	0
1143381276.02	0
1143381277.02	0
1143381278.0	0
1143381279.02	0
1143381280.03	0
1143381281.02	0
1143381282.03	0
1143381283.01	0
1143381284.03	0
1143381285.04	0
1143381286.03	0
1143381287.01	0
1143381288.01	0
1143381289.0	0
1143381290.0	0
1143381291.01	0
1143381292.04	0
1143381293.0	0
1143381294.04	0
1143381295.03	0
1143381296.02	0
1143381297.0	0
1143381298.0	0
1143381299.0	0
1143381300.03	0
1143381301.0	0
1143381302.0	0
1143381303.01	0
1143381304.01	0
1143381305.03	0
1143381306.04	0
1143381307.03	0
1143381308.01	0
1143381309.01	0
1143381310.01	0
1143381311.0	0
1143381312.0	0
1143381313.02	0
1143381314.01	0
1143381315.01	0
1143381316.02	0
1143381317.01	0
1143381318.02	0
1143381319.01	0
1143381320.05	0
1143381321.01	0
1143381322.0	0
1143381323.0	0
1143381324.02	0
1143381325.0	0
1143381326.01	0
1143381327.06	0
1143381328.01	0
1143381329.04	0
1143381330.01	0
1143381331.01	0
1143381332.01	0
1143381333.02	0
1143381334.02	0
1143381335.03	0
1143381336.01	0
1143381337.01	0
1143381338.0	1
1143381339.02	0
1143381340.02	0
1143381341.02	0
1143381342.02	0
1143381343.0	0
1143381344.02	0
1143381345.01	0
1143381346.01	0
1143381347.02	0
1143381348.02	0
1143381349.0	0
1143381350.01	0
1143381351.01	0
1143381352.01	0
1143381353.0	0
1143381354.01	0
1143381355.02	0
1143381356.0	0
1143381357.01	0
1143381358.01	0
1143381359.01	0
1143381360.0	0
1143381361.0	0
1143381362.01	0
1143381363.01	0
1143381364.01	0
1143381365.01	0
1143381366.01	0
1143381367.01	0
1143381368.01	0
1143381369.01	0
1143381370.0	0
1143381371.0	0
1143381372.01	0
1143381373.01	0
1143381374.01	0
1143381375.02	0
1143381376.01	0
1143381377.02	0
1143381378.0	0
1143381379.01	0
1143381380.01	0
1143381381.0	0
1143381382.01	0
1143381383.0	0
1143381384.01	0
1143381385.0	0
1143381386.01	0
1143381387.02	0
1143381388.01	0
1143381389.02	0
1143381390.01	0
1143381391.01	0
1143381392.01	0
1143381393.0	0
1143381394.02	0
1143381395.01	0
1143381396.01	0
1143381397.01	0
1143381398.01	0
1143381399.0	0
1143381400.01	0
1143381401.0	0
1143381402.01	0
1143381403.01	0
1143381404.01	0
1143381405.01	0
1143381406.01	0
1143381407.02	0
1143381408.0	0
1143381409.01	0
1143381410.01	0
1143381411.0	0
1143381412.0	0
1143381413.01	0
1143381414.02	0
1143381415.01	0
1143381416.01	0
1143381417.01	0
1143381418.02	0
1143381419.01	0
1143381420.01	0
1143381421.02	0
1143381422.01	0
1143381423.02	0
1143381424.01	0
1143381425.0	0
1143381426.0	0
1143381427.0	0
1143381428.01	0
1143381429.02	0
1143381430.01	0
1143381431.01	0
1143381432.01	0
1143381433.01	0
1143381434.01	0
1143381435.02	0
1143381436.01	0
1143381437.01	0
1143381438.01	0
1143381439.01	0
1143381440.02	0
1143381441.01	0
1143381442.02	0
1143381443.02	0
1143381444.02	0
1143381445.02	0
1143381446.01	0
1143381447.01	0
1143381448.01	0
1143381449.0	0
1143381450.01	0
1143381451.01	0
1143381452.01	0
1143381453.02	0
1143381454.0	0
1143381455.01	0
1143381456.0	0
1143381457.01	0
1143381458.01	0
1143381459.02	0
1143381460.0	0
1143381461.02	0
1143381462.01	0
1143381463.02	0
1143381464.01	0
1143381465.01	0
1143381466.01	0
1143381467.0	0
1143381468.01	0
1143381469.01	0
1143381470.01	0
1143381471.02	0
1143381472.01	0
1143381473.01	0
1143381474.02	0
1143381475.0	0
1143381476.0	0
1143381477.01	0
1143381478.01	0
1143381479.01	0
1143381480.02	0
1143381481.02	0
1143381482.01	0
1143381483.02	0
1143381484.0	0
1143381485.02	0
1143381486.01	0
1143381487.01	0
1143381488.0	0
1143381489.0	0
1143381490.0	0
1143381491.01	0
1143381492.02	0
1143381493.01	0
1143381494.01	0
1143381495.0	0
1143381496.02	0
1143381497.02	0
1143381498.01	0
1143381499.01	0
1143381500.01	0
1143381501.01	0
1143381502.01	0
1143381503.01	0
1143381504.01	0
1143381505.0	0
1143381506.0	0
1143381507.0	0
1143381508.01	0
1143381509.0	0
1143381510.01	0
1143381511.02	0
1143381512.01	0
1143381513.0	0
1143381514.01	0
1143381515.01	0
1143381516.01	0
1143381517.01	0
1143381518.01	0
1143381519.01	0
1143381520.0	0
1143381521.01	0
1143381522.01	0
1143381523.02	0
1143381524.01	0
1143381525.02	0
1143381526.01	0
1143381527.02	0
1143381528.02	0
1143381529.02	0
1143381530.02	0
1143381531.02	0
1143381532.0	0
1143381533.0	0
1143381534.0	0
1143381535.0	0
1143381536.01	0
1143381537.0	0
1143381538.02	0
1143381539.02	0
1143381540.01	0
1143381541.01	0
1143381542.01	0
1143381543.02	0
1143381544.02	0
1143381545.01	0
1143381546.01	0
1143381547.02	0
1143381548.0	0
1143381549.0	0
1143381550.0	0
1143381551.01	0
1143381552.01	0
1143381553.02	0
1143381554.02	0
1143381555.01	0
1143381556.01	0
1143381557.01	0
1143381558.0	0
1143381559.01	0
1143381560.01	0
1143381561.01	0
1143381562.01	0
1143381563.01	0
1143381564.02	0
1143381565.02	0
1143381566.02	0
1143381567.02	0
1143381568.01	0
1143381569.01	0
1143381570.02	0
1143381571.01	0
1143381572.02	0
1143381573.02	0
1143381574.02	0
1143381575.02	0
1143381576.03	0
1143381577.04	0
1143381578.01	0
1143381579.02	0
1143381580.03	0
1143381581.01	0
1143381582.02	0
1143381583.02	0
1143381584.03	0
1143381585.03	0
1143381586.02	0
1143381587.01	0
1143381588.0	0
1143381589.03	0
1143381590.03	0
1143381591.02	0
1143381592.04	0
1143381593.03	0
1143381594.04	0
1143381595.02	0
1143381596.02	0
1143381597.0	0
1143381598.02	0
1143381599.0	0
1143381600.01	0
1143381601.01	0
1143381602.0	0
1143381603.0	0
1143381604.0	0
1143381605.0	0
1143381606.01	0
1143381607.01	0
1143381608.01	0
1143381609.02	0
1143381610.01	0
1143381611.0	0
1143381612.01	0
1143381613.02	0
1143381614.01	0
1143381615.01	0
1143381616.02	0
1143381617.02	0
1143381618.04	0
1143381619.03	0
1143381620.01	0
1143381621.01	0
1143381622.02	0
1143381623.05	0
1143381624.01	0
1143381625.01	0
1143381626.0	0
1143381627.01	0
1143381628.02	0
1143381629.02	0
1143381630.01	0
1143381631.0	0
1143381632.01	0
1143381633.01	0
1143381634.0	0
1143381635.02	0
1143381636.02	0
1143381637.01	0
1143381638.01	0
1143381639.01	0
1143381640.0	0
1143381641.0	0
1143381642.0	0
1143381643.0	0
1143381644.01	0
1143381645.01	0
1143381646.01	0
1143381647.0	0
1143381648.01	0
1143381649.01	0
1143381650.01	0
1143381651.01	0
1143381652.01	0
1143381653.0	0
1143381654.01	0
1143381655.0	0
1143381656.02	0
1143381657.0	0
1143381658.0	0
1143381659.0	0
1143381660.0	0
1143381661.0	0
1143381662.0	0
1143381663.01	0
1143381664.02	0
1143381665.01	0
1143381666.01	0
1143381667.02	0
1143381668.01	0
1143381669.02	0
1143381670.01	0
1143381671.01	0
1143381672.02	0
1143381673.0	0
1143381674.01	0
1143381675.03	0
1143381676.02	0
1143381677.02	0
1143381678.01	0
1143381679.0	0
1143381680.02	0
1143381681.0	0
1143381682.03	0
1143381683.01	0
1143381684.03	0
1143381685.03	0
1143381686.03	0
1143381687.04	0
1143381688.03	0
1143381689.02	0
1143381690.03	0
1143381691.03	0
1143381692.03	0
1143381693.04	0
1143381694.04	0
1143381695.0	0
1143381696.04	0
1143381697.0	0
1143381698.01	0
1143381699.04	0
1143381700.01	0
1143381701.05	0
1143381702.0	0
1143381703.01	0
1143381704.03	0
1143381705.01	0
1143381706.02	0
1143381707.01	0
1143381708.01	0
1143381709.0	0
1143381710.01	0
1143381711.01	0
1143381712.01	0
1143381713.01	0
1143381714.02	0
1143381715.02	0
1143381716.02	0
1143381717.02	0
1143381718.01	0
1143381719.04	0
1143381720.0	0
1143381721.01	0
1143381722.02	0
1143381723.01	0
1143381724.04	0
1143381725.0	0
1143381726.01	0
1143381727.0	0
1143381728.02	0
1143381729.02	0
1143381730.02	0
1143381731.02	0
1143381732.01	0
1143381733.01	0
1143381734.01	0
1143381735.01	0
1143381736.01	0
1143381737.01	0
1143381738.0	0
1143381739.02	0
1143381740.02	0
1143381741.01	0
1143381742.01	0
1143381743.01	0
1143381744.0	0
1143381745.02	0
1143381746.01	0
1143381747.01	0
1143381748.02	0
1143381749.01	0
1143381750.01	0
1143381751.0	0
1143381752.02	0
1143381753.01	0
1143381754.01	0
1143381755.02	0
1143381756.01	0
1143381757.01	0
1143381758.0	0
1143381759.01	0
1143381760.01	0
1143381761.02	0
1143381762.01	0
1143381763.02	0
1143381764.01	0
1143381765.02	0
1143381766.01	0
1143381767.01	0
1143381768.02	0
1143381769.01	0
1143381770.01	0
1143381771.01	0
1143381772.01	0
1143381773.02	0
1143381774.01	0
1143381775.01	0
1143381776.01	0
1143381777.01	0
1143381778.02	0
1143381779.02	0
1143381780.01	0
1143381781.0	0
1143381782.01	0
1143381783.01	0
1143381784.01	0
1143381785.01	0
1143381786.0	0
1143381787.01	0
1143381788.01	0
1143381789.02	0
1143381790.01	0
1143381791.01	0
1143381792.01	0
1143381793.01	0
1143381794.02	0
1143381795.02	0
1143381796.01	0
1143381797.01	0
1143381798.01	0
1143381799.01	0
1143381800.01	0
1143381801.0	0
1143381802.02	0
1143381803.02	0
1143381804.01	0
1143381805.01	0
1143381806.01	0
1143381807.01	0
1143381808.01	0
1143381809.02	0
1143381810.0	0
1143381811.02	0
1143381812.02	0
1143381813.01	0
1143381814.01	0
1143381815.0	0
1143381816.02	0
1143381817.02	0
1143381818.0	0
1143381819.02	0
1143381820.0	0
1143381821.0	0
1143381822.01	0
1143381823.01	0
1143381824.01	0
1143381825.02	0
1143381826.02	0
1143381827.01	0
1143381828.0	0
1143381829.02	0
1143381830.02	0
1143381831.0	0
1143381832.01	0
1143381833.01	0
1143381834.02	0
1143381835.01	0
1143381836.0	0
1143381837.0	0
1143381838.01	0
1143381839.02	0
1143381840.0	0
1143381841.02	0
1143381842.02	0
1143381843.01	0
1143381844.0	0
1143381845.02	0
1143381846.02	0
1143381847.01	0
1143381848.01	0
1143381849.0	0
1143381850.02	0
1143381851.0	0
1143381852.0	0
1143381853.0	0
1143381854.01	0
1143381855.02	0
1143381856.01	0
1143381857.0	0
1143381858.01	0
1143381859.01	0
1143381860.01	0
1143381861.01	0
1143381862.0	0
1143381863.01	0
1143381864.01	0
1143381865.02	0
1143381866.0	0
1143381867.02	0
1143381868.01	0
1143381869.02	0
1143381870.01	0
1143381871.01	0
1143381872.02	0
1143381873.01	0
1143381874.01	0
1143381875.02	0
1143381876.02	0
1143381877.01	0
1143381878.01	0
1143381879.01	0
1143381880.02	0
1143381881.0	0
1143381882.0	0
1143381883.01	0
1143381884.01	0
1143381885.02	0
1143381886.01	0
1143381887.01	0
1143381888.01	0
1143381889.0	0
1143381890.0	0
1143381891.0	0
1143381892.01	0
1143381893.01	0
1143381894.0	0
1143381895.01	0
1143381896.01	0
1143381897.01	0
1143381898.01	0
1143381899.01	0
1143381900.01	0
1143381901.0	0
1143381902.02	0
1143381903.0	0
1143381904.0	0
1143381905.01	0
1143381906.01	0
1143381907.01	0
1143381908.01	0
1143381909.01	0
1143381910.02	0
1143381911.0	0
1143381912.01	0
1143381913.01	0
1143381914.0	0
1143381915.02	0
1143381916.0	0
1143381917.02	0
1143381918.01	0
1143381919.01	0
1143381920.01	0
1143381921.01	0
1143381922.02	0
1143381923.0	0
1143381924.01	0
1143381925.0	0
1143381926.01	0
1143381927.02	0
1143381928.01	0
1143381929.01	0
1143381930.0	0
1143381931.01	0
1143381932.02	0
1143381933.01	0
1143381934.01	0
1143381935.01	0
1143381936.01	0
1143381937.01	0
1143381938.0	0
1143381939.02	0
1143381940.02	0
1143381941.0	0
1143381942.01	0
1143381943.0	0
1143381944.0	0
1143381945.02	0
1143381946.0	0
1143381947.01	0
1143381948.0	0
1143381949.02	0
1143381950.0	0
1143381951.01	0
1143381952.01	0
1143381953.01	0
1143381954.02	0
1143381955.01	0
1143381956.02	0
1143381957.01	0
1143381958.01	0
1143381959.01	0
1143381960.01	0
1143381961.01	0
1143381962.02	0
1143381963.02	0
1143381964.02	0
1143381965.0	0
1143381966.0	0
1143381967.02	0
1143381968.01	0
1143381969.0	0
1143381970.01	0
1143381971.02	0
1143381972.02	0
1143381973.01	0
1143381974.0	0
1143381975.01	0
1143381976.0	0
1143381977.01	0
1143381978.01	0
1143381979.02	0
1143381980.02	0
1143381981.01	0
1143381982.01	0
1143381983.0	0
1143381984.0	0
1143381985.0	0
1143381986.02	0
1143381987.01	0
1143381988.01	0
1143381989.0	0
1143381990.01	0
1143381991.01	0
1143381992.0	0
1143381993.01	0
1143381994.0	0
1143381995.02	0
1143381996.01	0
1143381997.02	0
1143381998.02	0
1143381999.0	0
1143382000.01	0
1143382001.01	0
1143382002.01	0
1143382003.02	0
